T <- 10
scale <- 100
J <- 100
eta <-
c(1.38629436111989, 0.0577622650466621, 0.115524530093324,
0.0288811325233311)
eta_sd <-
c(0.0486276427573086, 0.35364652069385, 0.35364652069385,
0.35364652069385)
use_map_rect <- 0
use_ode <- 0
worker <- 1
dose <- 100
use_shared <- 0
use_mpi <- 1
use_sum <- 0
