T <- 10
scale <- 50
J <- 80
theta <- 
c(1.38629436111989, 0.0577622650466621, 0.115524530093324,
0.0288811325233311)
theta_sd <- 
c(0.0486276427573086, 0.35364652069385, 0.35364652069385,
0.35364652069385)
worker <- 1
dose <- 100
