x <- 
structure(c(1, 1, 1, 1, 1, 1, 1, 1, 1, 1, 1, 1, 1, 1, 1, 1, 1, 1, 1, 1, 1, 1, 1,
1, 1, 1, 1, 1, 1, 1, 1, 1, 1, 1, 1, 1, 1, 1, 1, 1, 1, 1, 1, 1, 1, 1, 1, 1, 1, 1,
1, 1, 1, 1, 1, 1, 1, 1, 1, 1, 1, 1, 1, 1, 1, 1, 1, 1, 1, 1, 1, 1, 1, 1, 1, 1, 1,
1, 1, 1, 1, 1, 1, 1, 1, 1, 1, 1, 1, 1, 1, 1, 1, 1, 1, 1, 1, 1, 1, 1, 1, 1, 1, 1,
1, 1, 1, 1, 1, 1, 1, 1, 1, 1, 1, 1, 1, 1, 1, 1, 1, 1, 1, 1, 1, 1, 1, 1, 1, 1, 1,
1, -1.04583595485298, -0.566882750381161, 0.255758984380091, -0.571931456931471,
0.502339833206713, -1.69665919873907, 0.523015301863816, 0.533908745954689,
0.206123733531292, 1.95288146230803, 0.988388923233053, -1.24135825185515,
-1.52973068228675, -0.649189211641852, -0.138681832702047, 0.0694427624600053,
-0.741303693707371, -0.00819104044736929, 0.964557059729303, 0.563094886230791,
2.34181342005881, 0.871644067753274, -0.175161797459612, -0.964364037183066,
1.25076729443187, 0.463728675214803, -0.092224805813598, -0.0968005953851724,
0.0431537834488034, -0.000721108559544263, -0.496544011249058,
0.470367632563212, 0.579974041518036, 0.857889796837161, 1.66770064404266,
-1.91190023702884, -0.288080066891909, -1.31057173700104, 0.396547729773318,
0.318331823086661, 0.0239313507899447, -0.442432182645178, -0.0183208214720078,
1.56382635363602, -1.23589858981645, 0.0711366627633004, -0.733376371338069,
0.219444708131445, 0.780624516731957, 0.323900949057548, -0.144254999420175,
-0.0219297708611707, -0.0807359732459536, 0.43686160867163, -2.36882923647779,
-0.656129958508938, 1.51166443760026, -0.476592095146547, 0.179291899485589,
-0.377662622014604, 0.626512514365861, -1.18334772884753, 0.461654894774783,
0.228950004725913, 0.195340315604604, 0.540435054369931, 0.997639177854065,
0.686657679883323, 0.216254378627166, -0.146026747617963, -0.610134854338138,
1.47652029541276, 1.72368940493387, 0.0409773106646386, -2.02150235481426,
-0.144365622243086, -0.913509173725581, 0.127014360473219, -0.143091795734462,
-1.70846161423265, 0.913587973379526, 1.69856246844535, -0.350088102682711,
0.27675955088897, 1.16928083302591, 0.766377025661103, -0.473243419737185,
0.590948828117283, 0.2915895560948, 0.653600973993922, 0.583138883718751,
-1.58195350852522, -0.441380339187967, -0.334496862104272, -1.00202697045709,
-0.0441640321076894, 0.520738290108858, -1.35151227569321, 2.04998007198464,
0.358672716920452, -0.324852033603156, -2.39090276530207, 0.124306320402367,
-0.811438323667601, 0.676750356652371, 0.50589323140726, 1.79933175617175,
-2.1536678016599, 1.18738339827826, 0.737241597537642, 1.0699389021434,
0.78094385068163, -0.549763077928156, 1.86240944328422, 1.07456846362513,
0.702168553429899, -0.794683896726411, -0.126520517943733, -0.0481245945031014,
-0.307931819384145, 0.431811166734718, -0.64900578765471, -1.15278978733312,
-1.6902827222233, 0.353074243099704, -0.0465340699297151, -0.579657944133141,
1.01477899254535, -0.907619064339218, -2.15701530272208, -0.123917662238821,
0.732925563793831, -0.223796129629562, -1.20225574630546, 0.216437414157313,
0.667999860401409, -0.0352753784773304, 0.887553787854249, -2.1542380096262,
0.263340762584552, 0.302125095656246, -0.206025260002311, -0.825751352829438,
-0.180423099785104, -0.0532537960115592, -0.211496012449883, -1.32618757891625,
-1.09388880681226, -0.297809616044132, -0.383301511027269, 1.06682597215804,
0.433671407329031, 0.573355798613154, 0.428348258659089, 0.45378412616197,
1.92205427725944, -0.670597460795919, -0.708110775654841, 1.86083494001165,
-0.011304098715044, 0.227263190351437, -1.31566889517227, -0.973964492960934,
-0.0974463556584336, -0.744875677740412, -1.7046558140028, -1.74739544972639,
-0.465398515751137, 0.376336141963947, 1.68202290318455, 0.48105577909875,
1.51134542337028, 0.227074812834588, -0.903005027720706, 0.640496836063914,
0.406359693818679, -0.702186037090627, -1.47935288090348, 0.946137947006757,
-0.243465948558731, 1.08146670057368, 0.507140710582896, 0.470220623807143,
1.24345212605833, 0.830812366298655, 1.08312587445985, -0.217818402551537,
0.599252230210867, -0.0804931508458301, -0.515911979953189, 0.741795288119969,
0.732699171326359, -1.06981508280972, 0.612446958329089, 0.703018502238987,
-0.494195007959429, 1.55318463272378, 0.141535165509256, -1.01054780239299,
-1.25813340380162, -0.623297216363823, -0.63200784397187, -1.41656145879195,
1.41236209127435, 0.673265696066289, 0.202558532019394, -0.557388193860051,
-0.290280845194566, 0.29608975602754, 0.635538743498566, -0.412217656383829,
-0.185925817754546, -0.531287821620895, -0.820718313285271, 1.05381970577273,
1.28463571505291, 0.0208523036786005, -0.755852667349193, -0.263972462326564,
-0.144120178885148, -2.1947666501254, -0.666082860125869, 0.0395087192869454,
-0.0225728301717475, 1.54505674151839, 1.55479155652932, -0.276947061885509,
-1.254814621856, 0.90900641471556, 0.437011121864692, -2.47256957631128,
0.354747634810491, 1.12235958040303, 0.199319292284163, -0.984342478977463,
0.393088878553981, 0.791879979891479, -0.88591626953952, 0.906227511062719,
1.73112983529687, 0.190029264666713, -1.17814216390558, -1.86980896186887,
-0.172382975913411, 0.971112237358225, 0.783131173091848, -0.890740015992139,
0.730274071031485, 0.400251167147685, 0.149098278741312, 0.756195048467863,
1.13064865917957, -1.04766726016056, 0.0796488402445724, -0.525703267257094,
-0.475195645799443, 0.646486442220959, -2.10271336796623, 0.180373046352518,
0.177830634852173, -0.632470270621453, 0.497827973625822, 0.856511052489114,
-1.34539070689381, 0.150727962149013, -2.99231686535406, -0.815748086574289,
0.358222359914681, -0.783285736270043, -0.572950263278558, -0.335760658261098,
-0.0539873887735323, 1.39731003478711, 1.15515303232267, -0.580286100407569,
1.02504470496326, -0.426004115682506, -1.12133638172124, -0.321820527935049,
-0.284576150918404, -0.29880728109281, -0.177853654400926, 0.967214161339692,
-1.27498631386475, 0.0136103036748296, 0.181948447519051, -0.738589257201183,
-0.28386219981839, 1.25341486154411, -0.374368552570878, 1.68911414157615,
1.4463680031392, -0.949484463181952, -0.695568293113007, -2.25663332637698,
0.0918322600349427, 0.436792304409187, -0.602116709818189, 0.504051206180661,
0.731501193628947, -0.237643870282112, -0.444353459266616, -1.26053315010473,
1.24055251668597, -0.530974444710678, -0.00405145160971454, -0.20823126833987,
1.90146347009097, -0.100317920437849, 0.271499252957159, -0.712437444654472,
0.621134827899817, 1.11215792014427, -1.40858597006795, 2.55530811138735,
0.881048391664623, -0.328868708939263, -0.669439529017676, 0.112441154508482,
-0.0151183134645258, 0.0558653570156392, -0.171042312129141, -0.162478299844174,
0.859298326368574, 0.032206943817113, 0.572557121363355, -1.29956986836799,
1.5917081486829, -0.609596694110896, -1.61357324039342, 0.217043704445363,
0.36319502388227, 1.10026088844321, -1.01847480990468, -0.43224327090462,
-1.23365315708812, 0.662938637376303, 0.360217370298191, -1.42783457334799,
-0.341892101235513, 0.141499853835206, -0.200466653451163, 0.559842879978047,
-1.00551618613977, 1.23041295938309, 0.0776521730524151, 2.17498955117445,
1.17649555611192, -2.2052423964592, 0.188155976331623, 0.196673054473764,
-2.1008397330314, -1.92659087894391, 0.122208508206363, 0.0776954414460379,
0.767720326351681, 0.795070483601264, 2.02789912049608, 1.26657179418495,
0.446579196862369, 0.324737982121248, 1.13763630375793, 0.74909169305631,
0.917232154317215, -0.00630360178992023, -2.8429660045713, -0.0430152676129316,
1.26775672659359, 1.60000225170168, 0.0461897060424288, 1.05517981784597,
-0.454157060826043, -1.94572431783577, 2.01247922560794, -2.05236247601619,
-0.964374898061929, -1.59694393518202, 0.0205621790831823, 0.419698830778405,
-0.191496373058982, 1.80932502614437, -0.787373525547827, -0.91239146454308,
0.355044659151405, 1.26578112926998, 1.12564317759845, -0.421000810953319,
-2.4835366873568, 1.72820213393689, 0.931146566095519, 0.417360189500526,
1.43206697260064, 0.0900123732148483, -0.406424427887975, -0.392914525010509,
