x <- 
structure(c(1, 1, 1, 1, 1, 1, 1, 1, 1, 1, 1, 1, 1, 1, 1, 1, 1, 1, 1, 1, 1, 1, 1,
1, 1, 1, 1, 1, 1, 1, 1, 1, 1, 1, 1, 1, 1, 1, 1, 1, 1, 1, 1, 1, 1, 1, 1, 1, 1, 1,
1, 1, 1, 1, 1, 1, 1, 1, 1, 1, 1, 1, 1, 1, 1, 1, 1, 1, 1, 1, 1, 1, 1, 1, 1, 1, 1,
1, 1, 1, 1, 1, 1, 1, 1, 1, 1, 1, 1, 1, 1, 1, 1, 1, 1, 1, 1, 1, 1, 1, 1, 1, 1, 1,
1, 1, 1, 1, 1, 1, 1, 1, 1, 1, 1, 1, 1, 1, 1, 1, 1, 1, 1, 1, 1, 1, 1, 1, 1, 1, 1,
1, 1, 1, 1, 1, 1, 1, 1, 1, 1, 1, 1, 1, 1, 1, 1, 1, 1, 1, 1, 1, 1, 1, 1, 1, 1, 1,
1, 1, 1, 1, 1, 1, 1, 1, 1, 1, 1, 1, 1, 1, 1, 1, 1, 1, 1, 1, 1, 1, 1, 1, 1, 1, 1,
1, 1, 1, 1, 1, 1, 1, 1, 1, 1, 1, 1, 1, 1, 1, 1, 1, 1, 1, 1, 1, 1, 1, 1, 1, 1, 1,
1, 1, 1, 1, 1, 1, 1, 1, 1, 1, 1, 1, 1, 1, 1, 1, 1, 1, 1, 1, 1, 1, 1, 1, 1, 1, 1,
1, 1, 1, 1, 1, 1, 1, 1, 1, 1, 1, 1, 1, 1, 1, 1, 1, 1, 1, 1, 1, 1, 1, 1, 1, 1, 1,
1, 1, 1, 1, 1, 1, 1, 1, 1, 1, 1, 1, 1, 1, 1, 1, 1, 1, 1, 1, 1, 1, 1, 1, 1, 1, 1,
1, 1, 1, 1, 1, 1, 1, 1, 1, 1, 1, 1, 1, 1, 1, 1, 1, 1, 1, 1, 1, 1, 1, 1, 1, 1, 1,
1, 1, 1, 1, 1, 1, 1, 1, 1, 1, 1, 1, 1, 1, 1, 1, 1, 1, 1, 1, 1, 1, 1, 1, 1, 1, 1,
1, 1, 1, 1, 1, 1, 1, 1, 1, 1, 1, 1, 1, 1, 1, 1, 1, 1, 1, 1, 1, 1, 1, 1, 1, 1, 1,
1, 1, 1, 1, 1, 1, 1, 1, 1, 1, 1, 1, 1, 1, 1, 1, 1, 1, 1, 1, 1, 1, 1, 1, 1, 1, 1,
1, 1, 1, 1, 1, 1, 1, 1, 1, 1, 1, 1, 1, 1, 1, 1, 1, 1, 1, 1, 1, 1, 1, 1, 1, 1, 1,
1, 1, 1, 1, 1, 1, 1, 1, 1, 1, 1, 1, 1, 1, 1, 1, 1, 1, 1, 1, 1, 1, 1, 1, 1, 1, 1,
1, 1, 1, 1, 1, 1, 1, 1, 1, 1, 1, 1, 1, 1, 1, 1, 1, 1, 1, 1, 1, 1, 1, 1, 1, 1, 1,
1, 1, 1, 1, 1, 1, 1, 1, 1, 1, 1, 1, 1, 1, 1, 1, 1, 1, 1, 1, 1, 1, 1, 1, 1, 1, 1,
1, 1, 1, 1, 1, 1, 1, 1, 1, 1, 1, 1, 1, 1, 1, 1, 1, 1, 1, 1, 1, 1, 1, 1, 1, 1, 1,
1, 1, 1, 1, 1, 1, 1, 1, 1, 1, 1, 1, 1, 1, 1, 1, 1, 1, 1, 1, 1, 1, 1, 1, 1, 1, 1,
1, 1, 1, 1, 1, 1, 1, 1, 1, 1, 1, 1, 1, 1, 1, 1, 1, 1, 1, 1, 1, 1, 1, 1, 1, 1, 1,
1, 1, 1, 1, 1, 1, 1, 1, 1, 1, 1, 1, 1, 1, 1, 1, 1, 1, 1, 1, 1, 1, 1, 1, 1, 1, 1,
1, 1, 1, 1, 1, 1, 1, 1, 1, 1, 1, 1, 1, 1, 1, 1, 1, 1, 1, 1, 1, 1, 1,
0.723650041943462, 1.1804012202946, -0.937794301855454, 0.843790531111381,
0.351674229754379, -0.370205827510535, -0.779837432257959, 2.26491095177641,
-0.26519756257099, -0.806169606220539, -1.56081689497671, 0.369929509908761,
-0.786319685560903, 0.816600573023565, 1.30033437538376, 1.11959612925456,
0.594468173222753, -0.869381534291168, 0.261853626489112, 0.000808870578809899,
0.961376612301225, -1.27186800197674, -1.89286840516029, 0.853199884926095,
0.722672230157682, 1.39904485677174, -1.01743554380016, 0.461259582330305,
0.373602291242595, -1.3406413545854, -0.809650221334081, 0.687281517816765,
-0.422084712492883, -0.642054199490586, -1.69951490096061, 0.0490534945853009,
0.57593953005568, -1.79539024012902, -0.173737515468138, 0.590278493546304,
-1.48080139209752, -1.381868649839, -1.5675849914889, -0.306608294054944,
0.766827269569775, -1.32780738652147, -1.49079569798026, 0.495121846130343,
-0.458943104220116, -1.06608610402226, 0.89339111390701, 1.06403972587387,
-0.447087012783563, 1.05567230510638, -0.419393234948142, -0.413733164727396,
1.89498470468308, -1.09842981980397, 0.184829023982078, 0.719028582864088,
1.45304470823038, 1.00074243244872, -0.81190027625205, 0.10570450683717,
0.40806563265335, -0.985887540880188, -1.50903975375376, 0.382382138982412,
-0.157195486566393, -0.41400723348416, 0.905121388793709, 1.53627139053936,
-1.54719689998548, -0.155998217016605, 0.948835817072501, 0.822019650334685,
1.45856307605312, -1.33495965778858, 0.380782060012977, -1.4416553592937,
-1.99654281112241, -0.21251922877046, -0.250709200938422, -1.66389525646899,
0.91673514063573, 1.79065777084747, 1.35330767068933, -2.15286614410906,
1.3455515424053, -0.231131239550081, -1.90541050174693, -0.896490441823273,
1.99816626087999, -0.803389114821126, 0.0703614046311751, -0.935335508691638,
0.749743141808641, 0.807423127804312, 1.71724161111223, -2.08521896212635,
1.8054048804144, 1.40027918421283, -0.441422540561062, 0.206710899876674,
-0.524819743677135, -1.86996735365592, 0.353357254604863, -0.444051153439663,
-0.370126447201868, 0.693419950387706, -0.49726170198933, -0.503666365638481,
0.47179710804213, -0.241540662934428, -0.461697487201185, 0.690637932570437,
-0.28649019988896, 0.568199194985063, 1.1082382145405, 0.636249211931961,
2.01488162108557, 0.788678491606225, -0.468387599307134, -0.354537239970022,
-1.22087210138289, 0.6184705307296, -0.242516040771057, 0.681532794462431,
-1.83762370968339, -0.0510882081895102, -0.759104481407813, 0.316814011518242,
-1.89065265712878, -1.14478865751607, 0.735565631996608, 2.18514748842912,
1.58723365999891, 1.42367296330374, 0.317359911877098, 1.07397263170854,
-0.847870675457455, 0.228185124594165, -0.802604298462616, -0.190725870049519,
0.382185464135824, -0.604885535580852, 1.05069900756415, -0.0443252028278435,
-0.621795604525281, 0.670049466773828, -1.06363593962999, 1.00164720665132,
-1.57057456664556, 0.136408933075706, 0.908826871876976, -1.00311255468328,
-0.111069521121976, -0.00165714320360851, 1.13381729612183, -1.15121195168764,
-0.256489701281863, -0.143096797853659, 0.917752253432901, -0.306952698070784,
-0.807277359013599, -0.362708141344555, -0.958716756003806, 0.477804159562372,
0.504808737848897, -0.277825306386554, 0.954249785161391, 0.72039055658975,
-1.03815783038768, -0.7908961461326, 1.49882023619461, 0.531857270923002,
-0.195231940598184, -0.0927253550341372, -1.02061018208132, -0.445389668484597,
0.280666309667456, -1.92996907748679, -0.19761720799159, 0.478044650935562,
0.454779824359375, 1.17797361726461, -0.0920435810615428, 0.138226561966269,
-0.947138123130566, -0.288239048607854, 0.576327549964601, -0.00435009799360095,
0.0262934282924176, -0.529864045535141, 0.503686316873996, 1.38696323495294,
1.74675130764197, -1.82454851842325, 1.36927043376715, -1.28725451479824,
-0.0882682562528438, 1.59389244554631, -0.831075700168535, -1.3193012888947,
1.36252589873371, -1.33053439796799, -0.977330919789606, 1.11305872394072,
1.10811854805664, -2.01269385731156, -1.16991153259309, 0.588768111933996,
-0.77486975506849, -0.301803926226492, -1.04592986026249, 0.841054247133132,
1.10166482775656, 1.13579900400323, 1.33409444229781, 0.0416508946775954,
1.52807102166621, 1.71761956387238, -1.86463273169836, -1.54060104447977,
1.05720025791434, -0.341593773163932, -0.422903821567157, 0.381445523809986,
-1.11052007088701, 0.163823666839955, -0.6478368200715, 0.447660468886573,
-0.117672514747741, -1.1758106518583, 0.516550104846196, -0.388572385268971,
-0.370671169789335, -0.983512172563698, 0.635924029245144, 0.578137296050917,
1.3641756050201, 1.08616628695391, 1.30474470876828, 0.930318045642481,
-0.480139721230028, -0.198573215461658, -0.494807924533855, -0.482571649577552,
-1.72170854488099, -0.0212636641262258, -1.35017226413609, -0.759092516289701,
-0.0171462011358576, 1.10729628738118, -0.133100572671503, -0.390356208027221,
1.23527062506523, 0.309388117794303, -0.150254239865695, -1.87513213232528,
-0.240937394170905, 1.59350169031635, 0.97640207791299, -0.719153014948951,
-0.566421773451293, -1.55356795664874, -0.573579840881184, -0.0360689209646667,
0.120103195398381, -1.1127565768791, -2.37545544522234, 1.17152470691819,
-1.01977533756941, -0.963349232162267, -1.14219289390159, -0.900831477674213,
0.414490053591919, -1.3012978122105, 0.266993697416669, 0.77297662376916,
1.01375396325412, -0.438902008199561, 0.207324303897466, 1.30995063464437,
0.333948798976171, -0.751061648568999, 0.0384314898645176, -0.832336395507673,
0.817873157895791, -1.85569149581379, -1.33491601896483, -0.618360694407268,
0.480227071638737, -1.06968338515083, 2.92691625913473, 0.174921126658635,
0.184558612278023, 1.03707074718997, 0.646670431994651, -0.424653584448296,
-0.186699608641271, 0.155286862970367, -1.16209489572478, -0.235235502566964,
1.84011559463265, -0.174365521760437, -0.452385855259082, -0.779753843591518,
0.412298114930964, 0.721910463266383, 1.35805557426608, -1.82713834146492,
-0.307590504429176, -0.761963440357807, 1.96218241252927, -1.6976263163066,
