x <- 
structure(c(1, 1, 1, 1, 1, 1, 1, 1, 1, 1, 1, 1, 1, 1, 1, 1, 1, 1, 1, 1, 1, 1, 1,
1, 1, 1, 1, 1, 1, 1, 1, 1, 1, 1, 1, 1, 1, 1, 1, 1, 1, 1, 1, 1, 1, 1, 1, 1, 1, 1,
1, 1, 1, 1, 1, 1, 1, 1, 1, 1, 1, 1, 1, 1, 1, 1, 1, 1, -0.884098146519519,
-0.379125311514949, -0.0371531039598007, -0.683316401196024,
-0.0620808033557492, 0.36941067202915, -0.460684186335547, 0.975464992918195,
-0.835377408528228, 0.44969686084684, 1.2174044252727, 1.981307824462,
0.628450692468083, 0.720990025542513, 1.05605794216599, -1.91448299623796,
-0.31507713786956, 0.155627668859572, -0.511376504647498, 0.870679175771966,
0.818577618449384, -0.317958958187793, 1.42135486062249, -0.678606574687975,
0.199829638784018, 0.418300524593089, -0.261778797935872, 2.45215829938423,
1.69789592058818, 0.334269027577789, -2.25607598508745, 0.900568274201409,
-0.149909581112709, -0.276746281086993, -0.931902437148378, 0.947545802241355,
-0.851251483757093, -1.13108730045236, -0.470988396915077, 0.400143757719576,
0.00522738202658301, -0.498794541310193, 0.236652109516978, 0.137973493425831,
0.831515961870016, -0.483522287026229, -2.67918330337834, 1.24368940185423,
0.279307946077598, -0.34646817381938, 0.254151294361869, -0.870315502270285,
1.17191740039855, -0.524315573788282, 0.81142021007609, -0.821524142509146,
-0.702554010285328, 0.69911200512467, 0.865308514698047, 1.66392958002856,
-0.572206246719124, 0.444491414388647, -0.636692203835374, 0.468279928404727,
-0.231888779193052, 1.33962101969425, -0.0739788548044473, -0.426843063210074,
-0.428378949946589, 0.162880404693463, -0.780735781524203, -0.303541275166618,
-1.86425707206171, 0.699758216729385, -0.177045961445043, -0.239654780742805,
0.0879159091031088, -0.957055331133977, -1.00435414810704, 0.408440301506437,
0.715171756428722, 0.439657683024759, -0.371530625983693, -1.62059288791178,
0.173410011995497, -1.23554407566509, -0.337979590826074, -0.430342022794482,
0.616971052438259, 0.413165952126671, 1.28661013944757, 0.744421878832701,
1.27951873189776, -1.05109366517955, 1.4685819974336, -1.15795162415176,
-0.460489167511564, 0.36516852865137, -0.000354901215194492, 0.117773545720071,
0.355333091744332, -0.356337343092553, -0.779704961396552, -3.01108403473458,
-0.0894832123957116, 1.65333001401482, 0.522958273356124, -0.691974507586066,
1.00372969299678, -1.13419891759728, 0.637469663116089, -1.54875396647381,
-1.07855123544655, 0.0953795012601649, 1.24684778762325, -1.75231682000248,
0.356508741626676, 1.1328463056655, 0.782505791612323, -0.105347106068234,
-0.0829955155862303, -0.72838493532365, -2.71653610977251, -0.329726071543922,
-1.51691343601246, 0.169841974116506, -0.170818532469591, 0.0495908272001805,
1.6231559415153, -1.22550327727705, -0.172867346321913, 1.34021824813635,
-0.952876629540496, 0.123135957708583, 0.341901569632149, -1.18259222659367,
-1.30070687093372, 0.132449161331386, 1.27322697271548, -0.458092224745218,
0.434711110709907, -0.847684268307556, -1.08931116265737, 0.410683731215676,
0.0181555029439058, 0.448815607822033, -0.219775500415584, 0.354565521368904,
0.209509044077564, -0.298990737699767, 0.115325196229892, 0.226426338474243,
1.28556334038833, -1.60741866564953, 0.286249321153489, 0.145582040404466,
-0.548259445848237, 0.208364414546066, 1.97203078692756, 0.838308324167829,
0.75518509077543, -0.330299739752591, -0.6760491472506, 0.160325288912293,
0.208098137641334, -0.341703873951536, -0.216194149304724, -0.504468933812373,
-0.869289533337533, 0.417131081143837, 2.37661710642629, 0.106131163719636,
0.773628142472268, 0.436803309772436, -1.49489210260449, -0.122792029813018,
0.68472666484445, 0.509771682786289, -0.518823761453928, -2.1675774204015,
0.405499310822622, -0.666209640588215, 0.475470077512982, -0.680309387534307,
2.10602662218499, 1.5426520079817, 0.944856628478211, 0.357450745494802,
-0.357700541559549, -0.666383917876071, 0.425676492629224, -0.675991105806474,
1.686359434959, -1.64892760210214, 0.0971145967920081, -2.39907340237942,
1.09882900444741, 0.388610032518692, 1.19249280968565, 2.17495744536665,
0.0260008683756434, 1.29537945051661, -0.0716256311192499, -0.539499948947239,
-0.00749069957963155, -0.116602510740284, -0.749023732555655,
-0.393478517697494, 0.831483633747112, -0.946814023834471, -0.192033335091794,
1.52960276405657, -2.26962635632415, -0.697516422530075, -1.49533874776373,
0.686145111764464, 0.538099453187077, -0.210195016857655, 1.53712155419019,
-0.806165505712815, -1.32189515590083, 0.200107949106966, -0.811760947117973,
-0.396429069888268, 0.624161652562813, 0.701708289214839, -1.03503615285663,
-1.56557809145343, -1.50937656268451, 1.93570122480654, -0.148015630186394,
0.901749192990131, 0.656220633505138, 0.638173451894463, 0.490660704714372,
-0.555772921393061, -0.271911999605071, -0.654368005942541, -1.09357280427062,
1.14952022487449, -1.00526542880463, 0.263223844630976, 2.10852147305548,
1.25486760219211, -0.797856331748618, -2.31719940221011, 0.311142866820466,
0.624295940510995, -0.997862940144692, 0.4026460076506, -0.182306528617119,
-1.03352067720982, -1.98955314809008, -0.819323185106442, -0.173120329483795,
-0.591603414402348, 2.07784359216012, -0.563671358845613, 2.40932945130838,
0.00631936571895106, -0.922393552641305, 0.894284811194018, -0.220656608301516,
2.15991410331774, -0.825987769631347, -0.198884354547562, 0.250820057006356,
0.0986833617895251, -0.34246295855385, 0.212950472624975, -0.909725976245062,
0.390161871378916, -0.90041917104443, -0.537753132617305, 0.939891936745894,
0.623213879410306, 1.24002718616579, 2.48129824352014, -0.113859959946381,
0.404056420456684, -0.0557666100530242, -0.207033692545147, 0.877938060278831,
1.17019494569109, 0.0737572495981867, 1.84581682185077, -0.256025928747054,
-1.01446828153719, 0.165559090957967, 0.256144752206378, 1.00237839892842,
-0.657731508033957, -0.791858376570384, -1.10012335188323, 0.952749940795666,
0.227396568732729, 0.374694508071433, -1.55685878884744, 2.02515375308455,
-0.832629739085381, -2.63594430768205, 1.30176051698008, -0.934882979617575,
-2.31049632694629, 0.27421281491305, -1.02002919958569, 0.429744423936421,
-2.09800348228892, -0.119455187195678, -1.36325002307203, 0.55853176500242,
1.48497330383334, 0.495137763285739, 0.521563291530781, 1.26263948636387,
0.695200183090983, 0.569982883386116, 0.824374851864819, -1.37566077091479,
-0.0400650749593169, 1.19966782077398, 0.797136496765238, -0.924442890723993,
-0.38267785055295, -1.36677087243898, -0.110065549645034, -0.717556878020091,
1.09411192410205, 0.475570701635942, -0.157418185592528, 0.192827715674624,
-0.498103609878599, 0.94749002546327, 0.600291067923753, -0.769862512504962,
-1.19816299152525, 0.335129924784534, 0.634359521288771, 0.635730177893562,
-0.974811299528004, 0.319400302083971, 0.0980473025221994, -1.05717435012142,
-0.0714315191254965, -1.83130918722631, 1.64749687668322, -0.126145398385218,
1.16946017043615, 0.0446959623499319, -0.495691899256684, -0.142233953137105,
-1.11903734888313, -0.260999294790734, 0.0155706616561387, -1.75859337973778,
-0.0896555516223004, -0.123748345578636, -0.587113146476074, 0.356974287349773,
1.45737769399975, 0.169736142641993, -0.197482119523652, 2.53594897954461,
-1.30947625602122, 1.29025417972991, 0.271062600316829, 0.682842728809441,
0.418912488637253, 0.100655498594302, -0.188835180579857, -0.625449295548444,
0.688007600961685, -0.441413181478355, 0.684056215969609, -1.0789842463491,
-1.55233635862897, -0.573013284051402, 1.43691052146292, -0.811862034444413,
0.344820309441097, -0.972481972109503, -0.651178586737488, -0.764655904439978,
0.816279590850643, 1.32702672414295, 0.382915880989868, -0.934360782495442,
-0.504673402289904, 2.46648360267566, 2.74121087380589, -0.229171394620771,
1.2120601379311, -1.42011071508018, -0.85240753096981, -1.47904517265276,
-0.617765651073537, 0.736644147974436, 0.414250074121511, 0.101338470083604,
0.0375899342133004, 0.690497534650002, -0.864407942730981, -0.2529916214641,
