x <- 
structure(c(1, 1, 1, 1, 1, 1, 1, 1, 1, 1, 1, 1, 1, 1, 1, 1, 1, 1, 1, 1,
-1.55284780902319, 0.2278614951534, -0.800009728040156, 0.280984387082294,
0.127866049897509, -1.41025326726459, -1.21350484864632, -0.294177327708995,
-0.114676518436785, 0.0792330887673718, 0.37903215771165, -2.13437690383107,
0.181549381852336, -0.771389235763709, 1.04561464628956, -0.677769006093432,
0.130960040179431, -1.11719157191736, -0.516754991905628, -0.420338338915695,
0.350998951671035, 0.305537707806429, -0.750391498242399, 0.367461126758557,
-0.750185053835033, 0.872341772325972, 0.281144147467949, 0.205586888119175,
0.911882927017669, 0.205705740815509, 0.222012094333757, -0.550945729937112,
-0.793040361364427, 0.757971421909402, 0.047525949589044, -2.05723637565487,
-0.00912645627057666, -1.37597392789626, -0.963476145258607, -0.728791727128508,
2.318728225198, -2.11652672536064, -0.994509546884774, -1.17754660822937,
-0.966944893215683, 2.60800653693697, -0.0300593103387838, -0.97311357306593,
0.935964666325078, 0.896228499436175, -0.649713094467671, -0.558945775664394,
-0.533342716255895, 0.116883247287779, 1.94516853633271, -0.6694605873675,
0.739914247104084, -1.89647519584271, -1.1257589639002, 0.335978716346449,
-1.33335016507191, 0.860689756090747, -0.861174159496888, 0.355800497108579,
0.741657732228207, -1.29913558792226, -1.28785254411952, 0.918059343129622,
-0.830916967595309, 0.283056167074653, 1.46392415401229, -0.973051591223919,
1.10022777269272, 0.220138699003784, -2.02878047031929, 0.679411791708727,
-0.279563024453162, 0.684766221631284, 1.40154485284824, -0.347137078948923),
.Dim = c(20, 5))
z <- 
c(1, 0, 1, 0, 0, 1, 1, 0, 1, 1, 0, 1, 1, 1, 1, 0, 1, 0, 1, 1)
N <- 20
n <- 5
beta_actual <- 
c(2.36997579731952, -2.14369889036556, 0.33506410845212,
2.53456712756427, -1.20738040597459)
tau_actual <- 2
