x <- 
structure(c(1, 1, 1, 1, 1, 1, 1, 1, 1, 1, 1, 1, 1, 1, 1, 1, 1, 1, 1, 1, 1, 1, 1,
1, 1, 1, 1, 1, 1, 1, 1, 1, 1, 1, 1, 1, 1, 1, 1, 1, 1, 1, 1, 1, 1, 1, 1, 1,
-1.0034516758457, 0.28077905847949, 0.957555847558021, -0.892995020767437,
-0.241172126603653, -1.09036432404239, -0.739927337395152, -0.799100403839817,
-0.745523284717694, 0.495361174357852, 1.09522293798287, -0.820912796473491,
-1.00528919692751, -1.15423584574988, -0.122768017605539, -0.296318364383515,
-1.76633804213548, -0.772540177474752, 0.0823883221236566, -1.16135440790415,
0.640665757673382, -1.38250231324678, 1.31083909276305, 0.672990836592355,
-0.856927564546996, -0.112047523547227, -0.867752994565925, 1.43173230723275,
0.326591296209065, 1.52681243773062, 1.06319301992853, -0.853997709504924,
1.69892866847222, -0.679882268148249, 0.0707890996591288, -1.21560080514987,
-1.59841053996166, 0.572257125202978, 1.32174055540848, -0.876399979444758,
0.456660360076273, -0.0979926874680293, -1.06803860724334, 0.659347509845765,
0.281812570440999, 0.430784517035428, 0.61228896724057, -0.0660150486066475,
-0.664068556529763, 0.0477771251551954, 1.19922696567946, -1.30199890023521,
0.505224616503667, -0.797762746610186, -1.46369351271456, -1.01859501498525,
0.379897222189592, 0.346909884501391, 0.362088140127847, -0.400759210662294,
-0.920537949288907, -1.54026859371972, 0.556025648991385, 0.763756302864787,
-0.97455036673311, -0.94696792033708, 0.217635758910046, -0.445684117426131,
1.44316575430588, -1.007466381341, 0.629563919404782, 0.43258766553259,
-0.498742083135698, 0.227791140148533, -1.05363076955311, 0.627889325851273,
-0.207804874205808, 0.633697474420736, 0.686580748500327, -0.398800285131191,
2.01911852010739, -0.59115164806212, -1.91797864544911, -0.974911070599691,
-1.35294106495925, 0.52157692687171, 0.91940984993614, -0.565969619193713,
0.630089128390835, 0.240212033885695, -0.787629405788842, -0.247659129742073,
1.17496043550821, 0.11167037485838, 1.43457315071373, 0.209597303069732),
.Dim = c(48, 3))
z <- 
c(0, 1, 1, 1, 0, 0, 1, 1, 1, 0, 1, 0, 0, 1, 0, 0, 1, 1, 1, 0, 0, 0, 0, 0,
1, 0, 1, 1, 0, 1, 1, 0, 0, 1, 1, 1, 1, 1, 0, 1, 0, 1, 1, 1, 0, 0, 0, 1)
N <- 48
n <- 3
beta_actual <- 
c(0.0413818023377481, 0.610074828152417, -1.2039192324464)
tau_actual <- 2
