x <- 
structure(c(1, 1, 1, 1, 1, 1, 1, 1, 1, 1, 1, 1, 1, 1, 1, 1, 1, 1, 1, 1, 1, 1, 1,
1, 1, 1, 1, 1, 1, 1, 1, 1, 1, 1, 1, 1, 1, 1, 1, 1, 1, 1, 1, 1, 1, 1, 1, 1, 1, 1,
1, 1, 1, 1, 1, 1, 1, 1, 1, 1, 1, 1, 1, 1, 1, 1, 1, 1, 1, 1, 1, 1, 1, 1, 1, 1, 1,
1, 1, 1, 1, 1, 1, 1, 1, 1, 1, 1, 1, 1, 1, 1, 1, 1, 1, 1, 1, 1, 1, 1, 1, 1, 1, 1,
1, 1, 1, 1, 1, 1, 1, 1, 1, 1, 1, 1, 1, 1, 1, 1, 1, 1, 1, 1, 1, 1, 1, 1, 1, 1, 1,
1, 1, 1, 1, 1, 1, 1, 1, 1, 1, 1, 1, 1, 1, 1, 1, 1, 1, 1, 1, 1, 1, 1, 1, 1, 1, 1,
1, 1, 1, 1, 1, 1, 1, 1, 1, 1, 1, 1, 1, 1, 1, 1, 1, 1, 1, 1, 1, 1, 1, 1, 1, 1, 1,
1, 1, 1, 1, 1, 1, 1, 1, 1, 1, 1, 1, 1, 1, 1, 1, 1, 1, 1, 1, 1, 1, 1, 1, 1, 1, 1,
1, 1, 1, 1, 1, 1, 1, 1, 1, 1, 1, 1, 1, 1, 1, 1, 1, 1, 1, 1, 1, 1, 1, 1, 1, 1, 1,
1, 1, 1, 1, 1, 1, 1, 1, 1, 1, 1, 1, 1, 1, 1, 1, 1, 1, 1, 1, 1, 1, 1, 1, 1, 1, 1,
1, 1, 1, 1, 1, 1, 0.798790376822766, -0.674201339749401, 0.674543226208109,
-0.298995725164728, 1.0737096260842, -1.20297992535755, -1.23275527947059,
0.225613662186119, 0.32335453376116, 0.426854918908582, -0.778180290144024,
-0.546125372010179, -0.844083589693995, -1.22043653051542, -1.77554336113097,
-0.560025990901922, 2.63356291435641, -1.6873318401506, 0.869913306382881,
-0.249519150990429, -0.723195556456853, -1.13827873968893, -0.165533891653542,
1.03170868233282, -0.456200421026604, -1.27319374928224, -0.977943309455567,
-0.362605528097249, -1.05723221558779, 0.898409419429953, -0.235993828640871,
-2.20255189411836, 0.51754269681953, 0.27162217908089, 0.854874551605471,
0.762565440238311, -0.924199970320646, -0.554908020632618, -0.527649444298252,
-0.0905317289542517, -0.747205917425774, 1.38028950289721, 0.383775673998958,
-0.0225838278070564, 1.23590873771653, -1.35093460035001, 1.0208720107973,
-0.107622592559792, 0.851037314123362, 1.76952489504304, -0.360815788732515,
-0.258266616183026, -0.919345970520796, -2.01082411278633, -0.539604942147245,
0.188221013730245, -1.34410933798176, -0.158477123943389, -0.0184133010384256,
-0.576130517759918, -0.987456342727813, -0.382277763621413, -0.483349066138655,
-0.767375784095568, -0.363932728865457, -1.9216788676979, -0.734655855973143,
0.0309696321965677, 0.0976681236544471, -0.00154608527725992, -1.17369318440122,
1.76124862555993, 0.0627666105059355, -1.50838224728472, 0.607765579663183,
-0.259938458499348, 1.98461940414644, -0.126150956645224, -0.260283424333767,
-1.08485591753217, 1.08004796986924, -0.548919266582907, -1.41722716934398,
-1.46383812145013, 0.675393248967554, -0.114792153700883, 0.633476184631047,
1.43150267467664, 2.18203492972098, 1.84996929957943, -1.39143082723778,
-0.954969396388049, -0.552935998368344, 0.940312155089234, -1.00972437581339,
-0.331930791306798, -1.18228944211654, -0.474180226187449, 0.324932992177894,
-1.53271447729797, -0.614537764925358, 0.161293704129177, -0.639379608907614,
0.543787945072847, -0.152309741788415, 0.309207966218472, -0.110446600379876,
0.421061606433291, -0.781514584098499, -1.33357363783361, 1.58753048963709,
-0.967338909709047, 0.0924806419240629, -0.231219489291889, -0.359941973241025,
1.05547027379847, -0.950459771470122, -0.120954451793462, 0.995779911251163,
0.632439757763802, -2.40194584805794, -1.17817448609238, -1.67787361219176,
0.48363705244247, -0.854525539910268, 0.975537968907079, 0.438915918650133,
2.80014811129278, -1.31142632375484, 0.0930787732117321, 0.79506574602611,
0.899939717462173, 1.98721897213157, 0.238601157933209, -0.769198623561751,
-1.09625376699878, 0.248136938103769, 0.50623914642137, 1.86194855818001,
0.473050963810511, 0.480331460077914, -0.0223596510405735, 0.889224332783637,
0.0505141413377296, -0.715064590335985, -0.0558245337059002, 0.374859133928012,
-1.25513289541132, 1.12816444414194, 0.376317016428771, 0.69154963926723,
-1.26349337237399, -0.764175808301886, -0.677912844826932, -0.442980277585631,
-1.92836840366463, -0.688197044268743, -0.22344680758971, -0.552130733744944,
0.271461310403275, -1.10111571544061, -0.730206838664547, -1.74281135834606,
-2.49253631752631, -0.107735070867635, 0.623420419014499, -0.115268197748248,
0.999851019865596, 0.681573614878517, -0.418971970519466, 0.143985338252717,
-0.425207941443002, -0.308074870732892, 0.808045432654063, -0.719295877386872,
-1.47542767744912, 0.43682583370875, -2.23639940834614, -1.61164191333246,
-0.158575739109587, 0.40952047911634, -0.103143797956992, 0.0788389306777956,
0.381890382424768, 0.00095027916263609, 0.0954259733674582, -0.877124790886428,
-1.18680204088406, -0.637933090800518, 0.85722451325322, -0.295425349000941,
-0.374796356991292, -0.610750436715623, 0.884865271776481, 0.0133158331504194,
-0.855613468778969, -1.12423788084919, -0.803325010210308, -0.0634239946100209,
0.123415926146922, 0.724813061353788, 1.10554480193268, -1.08377483956214,
0.37126830323617, 0.510860767671342, -1.55474587497079, 0.264482120495657,
0.248121327172685, 1.57924180361777, -0.874715131308361, -0.343721516709211,
-0.00751209886530327, -0.104468605407992, 0.507487420290169, 1.88901674972627,
-1.11244633294191, 1.7574462235457, -0.0518062989550484, 0.583068641126514,
1.60975518877834, 1.42155505131843, -1.3784030961579, -0.303470959136003,
0.564070716894437, -0.541622795299829, 0.208649762486539, 0.920112999907901,
0.959869151443911, -0.126910181697076, -1.91643348866104, 0.83700116009451,
-0.957071939543087, 1.10750589323418, 0.172139806371975, 0.0607161684858272,
-0.2172517730769, -0.00114023711590738, -1.84650090358038, -0.651860577378547,
-0.652780641956697, 1.40959769555048, -1.34057616022883, 0.153394389854834,
0.265769821812484, 1.13422458418575, 0.0743651569003216, 0.823860760658059,
-1.00418519312389, -0.639799087956007, 1.01036177887857, 0.15185207275145,
0.78516968092115, -0.568890903162907, -1.21771060520069, -0.826055034177021,
3.27859408459959, -0.0943183329256811, 0.0763859653931409, 0.764341335977327,
1.36793983791827, -0.147038356248366, -2.59153113797301, -0.380298538532041,
1.08330281267114, 0.330782273587822, -1.77625317772405, -0.753512888277835,
0.438342811079511, -1.13054168223372, 0.0825701047381124, -0.543168419902256,
-0.610738608756685, 1.24572682130985, -1.09261893399468, -0.640899140896803,
-2.28973378979936, -0.581829647184427, -1.95291783202678, 2.43019812268989,
0.545849973237625, 0.430966612926936, 0.84141923562889, -0.771205032694438,
0.894940426735295, 1.51047391481941, -0.625633642451132, 0.415306637841552,
-1.02272986043405, -1.28220770583576, -0.459602150721013, -2.16354892810151,
0.125532626597847, 0.554193737223662, 0.797458308220294, 1.60790072619713,
-2.36482001685674, 1.48940116258344, 0.159114783573532, -0.367100030427036,
0.411919342327202, 0.663652156869605, -0.425494647961569, 0.826844713807728,
0.74592572321711, 1.05385761172165, 1.40211072369228, -0.0754274558723101,
-1.83454282019641, 0.523213626260119, -0.0772222780936604, 0.572139844603355,
-0.970806031788733, -0.134591673454595, -1.14950372016017, -0.498329815991645,
-0.229510516135474, -1.06627209685927, 1.36928627091777, 0.122083281243108,
0.735990547253076, -1.30961295837063, -0.071308036916452, 0.186456832126941,
0.385453190105268, 1.32712114348064, -0.380567835507871, -0.383073692925148,
0.251302558322082, -0.557285820546307, 2.74462754560459, -0.450885396917284,
-1.11999676633324, 1.23596835221309, -0.177344153705669, -0.0779166018538246,
0.0704999255389178, -0.744238000991733, 0.97507485780999, 0.854918850052241,
0.0237548391668242, 0.416021219936136, 1.23398555055846, 1.32689901121097,
0.227212808863427, 1.82802393154978, 0.69604292022695, 1.46926839058116,
-0.431211155975815, 1.14243216498413, 0.571736348964093, -0.273866839118774,
1.59603024091783, 0.791583587784941, -0.644216764221223, 0.0674210254497697,
-0.400983399034824, -0.730534397137751, 0.771072760931244, -0.55138439587597,
-0.285236764591592, 1.10386758596848, 0.423480727481817, -0.329926032868546,
-0.217122524221533, 0.226717589252982, -1.60904848481833, 0.427983977379163,
-1.42847914570611, -1.41000769863734, 0.522831014048282, 0.312909921568983,
