x <- 
structure(c(1, 1, 1, 1, 1, 1, 1, 1, 1, 1, 1, 1, 1, 1, 1, 1, 1, 1, 1, 1, 1, 1, 1,
1, 1, 1, 1, 1, 1, 1, 1, 1, 1, 1, 1, 1, 1, 1, 1, 1, 1, 1, 1, 1, 1, 1, 1, 1, 1, 1,
1, 1, 1, 1, 1, 1, 1, 1, 1, 1, 1, 1, 1, 1, 1, 1, 1, 1, 1, 1, 1, 1, 1, 1, 1, 1, 1,
1, 1, 1, 1, 1, 1, 1, 1, 1, 1, 1, 1, 1, 1, 1, 1, 1, 1, 1, 1, 1, 1, 1, 1, 1, 1, 1,
1, 1, 1, 1, 1, 1, 1, 1, 1, 1, 1, 1, 1, 1, 1, 1, 1, 1, 1, 1, 1, 1, 1, 1, 1, 1, 1,
1, 1, 1, 1, 1, 1, 1, 1, 1, 1, 1, 1, 1, 1, 1, 1, 1, 1, 1, 1, 1, 1, 1, 1, 1, 1, 1,
1, 1, 1, 1, 1, 1, 1, 1, 1, 1, 1, 1, 1, 1, 1, 1, 1, 1, 1, 1, 1, 1, 1, 1, 1, 1, 1,
1, 1, 1, 1, 1, 1, 1, -1.32017670692346, 0.288478857918393, -0.885980116001505,
-0.367227322880872, 0.211078014074212, 0.456514279873631, -0.410641361273853,
-0.761343497712875, -2.53253588838383, -0.953846699351544, 1.63339503801155,
0.595325671697441, 1.41296658590504, -0.145097587937037, 0.0104649084409122,
-1.07776976990057, 0.462717341477749, -0.694159874789109, -1.28858762837017,
0.190946768957924, 0.66580906948884, -0.0915208907591111, 1.55236107510309,
1.00565560421814, -2.0806321356279, 0.918218237910308, -0.503606920615496,
0.685816866787285, -0.114954839793612, -0.407144518590507, -2.41285044477939,
0.235449877279371, 1.88461375277965, -1.07458150182142, -1.78163239358491,
0.683279261369542, -0.440717989403325, -1.15341782925353, -1.60463152455469,
0.401046875842253, -1.21941412826125, 0.152680935774726, 0.29232115360382,
1.2752292508784, -1.85726748651332, 0.634216648951006, 0.12836423842845,
-1.03072416512256, -0.474160192059728, 1.15162506542947, 1.03155741647654,
1.66656543512215, -1.71419286552789, 1.01247891856502, 0.25314158161606,
-0.755925792367511, -1.97905403254832, -1.01111131730842, -0.409367236874965,
0.815329625451598, -0.0745663168056824, 0.602153256149886, 1.04669823570056,
-0.78173795201907, -0.523667128799409, -0.0414617779369826, 0.00914514257512937,
0.522581172345134, 0.0435560800795078, 0.0207100391774218, -0.737861398924563,
-1.56096102622147, -0.535277180566728, 1.55902605909455, -0.275970464469938,
-0.264016059613041, -0.440502219183367, 0.203438789856472, -1.3729293899456,
0.522464644736819, 0.0187012020062634, 0.0177894735444682, 0.927163218032652,
0.460563036029314, 0.718581514929173, -0.330782081587609, 1.01092102541386,
0.136672214021314, -0.396073998034273, 0.21680372900997, 0.208946617591773,
1.60226883900924, 0.366927550027003, 0.187070944351409, -1.83900782493707,
-0.204202815976098, 1.34841770411693, -2.12947935089996, -0.976802466329909,
-0.791321982672149, 1.07568947938054, 0.156524708380975, -1.12743544756774,
-1.70605254619524, -0.498312236480358, 0.538762173734693, 0.221172683490436,
-0.957088376018469, -0.834596332533359, 0.345050169751752, -0.42905008984888,
1.95634083131327, -1.74583034284833, -1.09440960837721, -0.469510785427062,
-1.34626283753943, -1.07771174422254, -0.927134307862296, -0.579287832189826,
-1.34203959928995, -2.43817586770903, -1.82607307678724, 1.16082745917755,
0.604581493333212, 0.665880307097274, -1.53517451474449, -0.697167998214612,
0.726029038007589, -0.786501450223534, 0.238986959509183, 0.799168771107239,
-1.62874506608966, -0.43813709966625, 0.474761760648676, -0.155513182225584,
-0.844681104843931, 0.919989825949577, -0.0811201953849601, 0.220727382649776,
0.422487089415196, -0.756681449995514, 0.395377221146546, 2.17412541761509,
0.39190142737339, 0.718544814847594, 1.17769964288033, 0.160238715823743,
-0.299993667641277, -0.972677532709401, -0.927614189285476, -0.806115613414691,
-1.75054201696353, 0.641559497835418, 2.00094807405071, 1.50042174387731,
0.0909758278956182, 0.132452155654956, -0.0888032646518726, -1.38527022205146,
1.17786853920339, -0.58430558376951, 1.77599948707754, 2.37570155929036,
1.06413255324122, -1.10445369837613, -0.427415008131127, -1.83832438691313,
-1.58843202821542, -0.266869274276807, -0.692196780773578, 1.65549710668013,
-0.854968327271222, -0.646431624039802, 0.574701843613703, 0.494001486378346,
0.642045228674533, 0.993883124838263, 0.640127111325834, -0.8764534463489,
-0.993099149375161, 0.447192823365368, 0.402358481282303, 0.597906156304093,
-0.0888585055371591, 0.360969225556072, 0.369908275695953, -0.810125906681582,
0.809084558303263, 0.752789836993687, -0.937770179928261, 1.00048928839046,
-0.167414391329814, -0.578989051523336, 0.437265185122249, -0.908163629686171,
-0.168802053070598, 0.0653111331427975, 0.333742057631181, -0.603315459088179,
-0.185288353865013, -1.32155694418738, -0.871311531378743, 1.458041587833,
-0.504018675992384, 1.28144672538492, 0.667181161262656, -0.545522911049684,
-0.49474146504746, -0.423689313705538, -0.673484087092703, -1.70985406800814,
-0.397801148808279, 1.57458895890269, 0.43221405542851, 1.78889878862269,
1.45589674106926, -1.94521505664303, 1.21710297089511, -0.916426113102322,
1.43141643237105, 0.952156707677895, -0.29836049955124, -2.11312603437939,
1.20065179522574, 0.714282595308494, -0.750791314442475, -0.0475145704725617,
0.0155795063441208, 0.223826394831864, -0.735427529225381, -0.229600885563525,
-0.506158024519694, -0.177620024418002, 0.421626027812846, 0.396354512639488,
1.90018005256855, -1.55409720724597, 1.375652638058, 0.10070584265296,
-0.820573879249125, -0.180342786338337, 1.60083850932873, 0.923597623783105,
1.8426288765255, -0.93868686897862, 0.897752645494572, 0.475629676076978,
-0.309305335997157, -1.56957107537063, -0.966186920423679, -0.436610703571703,
0.98042419389843, 0.396087624118906, 0.419151834480412, 0.267876555636995,
-0.168723041311431, -0.940504088467759, 0.813328904691503, -0.402359915641773,
0.707659208536554, 0.127224166509227, -0.242147269325804, -0.968401205919019,
-1.33989346152987, -1.13275405928198, 1.18253711311826, 0.823769101535726,
-0.716904059846302, -0.677122733122962, 0.68939108811729, -0.634762441502959,
0.564684812090407, 0.867243292750952, 0.250787748322979, 1.10184852979142,
0.563110364588779, 0.0988472347351589, -1.26932721718527, 0.636976657820252,
-0.461044625146203, 0.409791199232179, 0.66798029603837, 0.00483428222325316,
1.01559104209744, -0.171647673371229, -0.574849209780222, -1.23845111518767,
-0.393875905931968, 0.971737638840124, -2.37341572924366, -0.0777780598023391,
-1.00965863687287, 0.71236667696733, -0.0481870643109789, -0.19959895380062,
-2.07085044379078, -0.320647616235289, 0.516400739820392, -0.178543803657326,
-0.663762002114571, -0.952218233865228, 0.562029727647349, 0.33427822963935,
1.89592675335226, -0.29150920519584, -0.531341884632344, -1.01980141798387,
-0.869287023531257, -0.889431667572469, -0.154165954222578, -0.681768140391797,
-0.449706753809627, -1.81184479995195, -1.3762674909841, 1.44393404546761,
0.244552368982681, -0.0733954997221752, -0.94426886084736, -1.15315287930933,
0.484323605395397, -0.452026746124296, 0.526353438808324, 1.04961508015279,
-1.69774713812529, -0.786940169739133, 0.0338043728300643, -0.196774552365223,
-0.638032781264539, 0.429523210428667, 0.556190375371774, -0.240554500643719,
0.33447895027541, -0.272183897791325, -0.556975829335245, 0.68635182682798,
0.440028129601676, -0.0609179530032031, 0.366543194254139, -0.406117942944362,
0.216750384360932, -1.41275385992089, -0.639546676168182, -0.653130223205695,
-0.753243549624602, 0.282653455286838, 2.39195055271653, 1.06755290926429,
0.28719693604001, 0.902592754092876, 0.732947588097461, -0.780434189863822,
0.774560191036231, -0.797088913317088, 1.4620740836918, 1.72879452394829,
1.70784683724812, -1.92536961120002, -1.31296199587218, -1.98518972597514,
-0.942059097723255, 0.171883948348924, -0.307949674515003, 1.05809089461456,
-0.383796200059759, -0.546554121691213, 0.534809762673475, 0.513330486417501,
1.22330655253227, 0.123903286432893, 0.17582363038621, -0.713776683303913,
-1.36571284739865, 0.23019278796415, 0.356363364149828, 1.03536498184743,
0.0582057869473202, 0.179270324003553, 0.0903182505146917, -1.08134954018905,
0.895473589367378, 0.837324146790305, -0.508809231536829, 1.43818498581864,
0.0454269714251724),
.Dim = c(192, 3))
