x <- 
structure(c(1, 1, 1, 1, 1, 1, 1, 1, 1, 1, 1, 1, 0.164142026633673,
-1.54718145127963, 0.50322759121764, 1.01182000394347, 0.924895018670932,
-0.177906448109629, 1.40795252247709, 1.66938785894662, 1.20936533071061,
0.0347703736530138, 0.173825064389283, -1.03231610713592, 0.344132949530272,
-1.24356345014284, 0.469566736018711, 0.925386905302125, 0.295278432438443,
-0.156391009095612, 1.82779909942974, 1.33048905695113, 0.505183994582929,
0.932046414333088, 0.672430066742463, -1.46094855394489),
.Dim = c(12, 3))
z <- 
c(0, 1, 1, 0, 1, 0, 0, 0, 0, 0, 0, 1)
N <- 12
n <- 3
beta_actual <- 
c(0.0413818023377481, 0.610074828152417, -1.2039192324464)
tau_actual <- 2
