x <- 
structure(c(1, 1, 1, 1, 1, 1, 1, 1, 1, 1, 1, 1, 1, 1, 1, 1, 1, 1, 1, 1, 1, 1, 1,
1, 1, 1, 1, 1, 1, 1, 1, 1, 1, 1, 1, 1, -2.66079608767537, 0.466008372845231,
0.833498020087175, 0.317262631837867, 1.21899093686676, -1.82461937206232,
2.55138084090084, -0.824275906988424, -0.726521263300725, -0.269607603644054,
-3.01768493583793, 0.598497574755549, 0.202037668172061, 0.621088397939614,
-0.892711241804606, -0.586479092019157, -1.20821474403296, -0.0727778151316042,
0.315979007891893, -0.26260764037152, 0.0118489127257899, 0.982588756891431,
0.543316046702573, 0.175136987734408, -0.0660561477004242, -0.00511635360159922,
-0.15624232731458, -1.43133722470673, -0.805138412430978, 0.966477733715664,
1.82216899579245, 0.66767120766023, -0.916009001703029, -0.561701752279672,
1.72353614983333, -1.70053411277198, 0.720124912283534, -1.4974964099771,
0.502316186359173, 1.68654066943009, 0.628362377193616, -0.242666908144917,
-0.666693146234526, 2.00662009654444, -0.0125279818939824, 1.88045453862712,
1.31573606027427, -0.481142234875132, 0.499225232550065, -0.963513243989644,
-0.582955719450314, -0.0206179178218191, 0.543156850724113, -0.956134586314055,
-1.64983329016688, 0.839431001300516, -0.329805777412497, -1.94533358712708,
0.566543769652652, -1.86290101536877, -1.81253469673849, -0.429946705578363,
-0.12075194311754, -0.378640478322433, 2.091228337661, -1.42319546889005,
1.66134960462284, -1.14320659715905, 0.741398578896349, -0.159453845502232,
-0.91558248177137, -0.235611066829025, -0.406253775941778, -0.938423706694565,
1.70204463586498, 0.980729736713552, 1.90834611063038, -0.644817268533302,
1.61908396290481, 0.502503672076266, 0.671064598144004, 0.0989554784715984,
-0.760862082081008, -0.854734343325256, -0.737676668625132, -0.27177755412487,
-0.618934055442718, 0.00334780095741083, -1.24937514129621, 0.496836257354894,
-1.17037346711297, -2.0950281791267, -0.501812907963926, -0.665459242296832,
0.986662304527723, -0.746880966676707, -0.0929419673353815,
-0.00370444493100444, -0.910754196348992, -1.09457306648465, 0.598105491056029,
-0.560828362385327, 1.88039821519387, -1.65341332286885, -0.362333968260828,
-0.888213769224539, 0.13004651241552, -1.95659617304844, -0.0376469300982677,
-1.29901273998977, -0.0338999644070576, -0.246945121523413, -1.1315272977526,
0.318955250354676, 1.16020413297028, 0.131149910840646, -0.76070647052783,
-1.89541602213544, 1.56875166358838, -0.219910638652051, 0.473213055772993,
-0.24675476472894, -0.0160600567393025, 0.64124502459504, 0.537059720194024,
-0.914420163610502, -1.48225507759192, -0.611231615607919, -0.247619897770189,
0.0831645627092389, 0.443659980221976, 0.930294041978899, 0.931704407772926,
0.564970384079125, 0.649922370151448, -0.192401460753504, 1.18373642677477,
-0.390089722484772, 0.730524404199732, 0.110380463168773, 1.28679762216415,
-0.0433058616627163, 1.06876439257961, -0.973370079872685, -0.0897030957271483,
-0.715902446985951, 1.27086059673714, 1.14055553182186, 1.93591728486759,
-0.74855037355123, 0.297751392654702, 1.42444087753569, 0.660249840903497,
1.57414817535697, -0.318920998782092, -0.3744534511327, -0.322396991223232,
0.151099356321991, -0.889301776220856, 0.317458695734726, -0.211019807806232,
-0.367867780913274, -0.848749801961137, -0.068106462924619, -0.231492304145411,
-1.15799361782409, 0.932370082937138, -2.14796364100513, -1.35139834014871,
-0.490796745443543, -0.722701123969606, -0.563703351724915, 1.09301173750204,
-1.04625210094319, 1.53228380394475, -1.25109965932973, -0.0372474479867006,
-0.531952567069102, -0.797995488321748, -0.517706014808752, 0.706857144096562,
-0.835252552169318, 1.08457037791815, 0.859046291432644, 1.52525323394201,
-0.993523910922235, -0.879166946512795, 1.87013953643792, 0.319328919525665,
1.56629602025799, -1.40683804324614, -0.300097766042645, 1.3505181954424,
-1.27235326444142, -1.05483715178555, -0.471208632110721, 0.502169713760896,
-1.32977394691579, -1.80611057638683, 1.2212413905852, -0.945204436595126,
-1.57008359058612, 0.791751196369167, -0.306804280702322, -1.85986437895096,
-0.0934569232049824, -0.158384867278205, -0.59454883086971, 2.28617239216523,
-1.74551924471308, 1.11693607757114, -0.388724476527966, 1.24481574394031,
0.670691174366059, 0.0548923210012003, 0.07596513163656, -2.14326785965096,
0.654007931925559, 0.738523222358238, 0.379517035770385, 1.71295404158317,
-1.25424791215421, 1.78373017241969, 0.0669519204467762, 0.335611795499332,
-1.70271679894102, -1.09835414068761, 0.0266687007750457, 0.644758553551598,
1.45532654265134, -0.963495794152932, 0.508914164895607, -0.63402659408224,
-0.0279929656977226, 0.0158110805826158, -0.673087811812891, -0.654204526986707,
0.540427083608277, 0.766729306893769, -1.02986336981293, 0.00886554451266443,
-0.0641089891358138, -0.653431743330911, -0.534620612304945, -0.984226603514853,
-0.701381085616706, 0.928268632912171, -0.523732386579839, 0.469020083366038,
-0.200994116766766, 0.565052449210158, -0.962746262891209, -1.24472926744735,
1.13615681557063, -1.23562648247343, -0.8990141729096, -1.22908074984526,
0.038458230130702, 0.251092447855435, -0.948383510626501, -1.39136985509876,
-0.858306257493666, 0.200684439212517, 1.25197995012158, 0.417784060364029,
-0.268057298899957, -0.238148498324172, -0.0372356411474806, 0.511294007152837,
-0.585541267992833, 0.477076620463289, 1.38096930998181, -0.0663004766317913,
0.82558169436068, -0.346448245988656, 0.928041202232912, -0.00356019950267084,
0.0979102299287043, 1.22110891622996, -0.253238706831087, -1.06576481443763,
1.62476694010835, -0.408161451323048, 2.10975368823052, 0.822021521516194,
-0.349125732456709, 0.541745374569196, -0.513354409576278),
.Dim = c(36, 9))
z <- 
c(0, 0, 1, 1, 1, 0, 1, 1, 1, 0, 0, 1, 1, 1, 0, 0, 0, 0, 0, 0, 0, 0, 1, 0,
0, 0, 0, 0, 1, 0, 1, 0, 1, 0, 0, 0)
N <- 36
n <- 9
beta_actual <- 
c(-2.82239003146699, 1.81569825930458, 1.07402169523301,
2.60301010874268, 0.288408115114575, 3.39760811080255, 2.49276255601162,
5.45034068660398, 1.0678819791203)
tau_actual <- 2
