x <- 
structure(c(1, 1, 1, 1, 1, 1, 1, 1, 1, 1, 1, 1, 1, 1, 1, 1, 1, 1, 1, 1, 1, 1, 1,
1, 1, 1, 1, 1, 1, 1, 1, 1, 1, 1, 1, 1, 1, 1, 1, 1, 1, 1, 1, 1, 1, 1, 1, 1, 1, 1,
1, 1, 1, 1, 1, 1, 1, 1, 1, 1, 1, 1, 1, 1, 1, 1, 1, 1, 1, 1, 1, 1, 1, 1, 1, 1, 1,
1, 1, 1, 1, 1, 1, 1, 1, 1, 1, 1, 1, 1, 1, 1, 1, 1, 1, 1, 0.855412299713875,
-0.984700975523782, 0.639740849326516, -1.0973060767905, 0.203236079991749,
0.33372065009475, 0.244776233727218, 0.0444909831083817, 0.339343343839858,
0.230730752156323, -0.851630103605368, -0.334951681858796, -0.563368418184583,
-0.633776200262515, -1.32224839216491, 0.402961903805964, -0.0847492582280774,
-0.36348302022014, -0.113220934643999, -0.0544312043969627, -0.553400533701495,
1.17001147337152, 0.464448206188187, 1.73047152760265, 1.06636960285591,
1.08709227113989, -1.00480045482644, -0.608416169479722, 0.294032747635303,
-1.42293222903239, 0.0558985860012051, 1.53014595021891, 0.546047317050511,
1.36165376322112, 0.862400416721805, -0.910805160969663, 0.0677106005160803,
0.323480106089668, 2.08771700338895, -0.0345038846037995, -0.0665637028962583,
-1.16312105101936, 0.91107781934122, 0.656171269798118, 0.965547349706033,
-0.253462789338276, -0.760306505378562, -0.581740297016138, 0.173404404101502,
-0.199461384515963, -0.0276931960183915, 0.206384343180196,
-0.00657748846393728, -2.97437585426951, -1.63456679342952, -1.89476682541355,
1.18821979095034, -0.939868172749812, -0.291578810305606, -0.0587244165239365,
0.0750494854746011, 0.606969366159098, -0.157594816116125, -0.200260917461483,
-2.1800834484806, -1.60290823179941, -0.658138245734944, -0.0729297549751018,
0.0499310567317304, 0.682205486446978, 0.330870864053756, -0.0739909983018368,
-0.256067269581768, 0.0539404856195348, 0.25097701503818, 0.691947355234999,
1.0147114592344, -1.52565070459557, 1.56173869957956, 0.898893005728879,
2.09054772699212, 0.459980584148974, -0.460025428595356, 0.0432326935837016,
0.540509324250575, -0.654265130865853, 1.04615896752836, 0.295157211815808,
-0.353327325379956, 0.992820396528537, 0.159033093751048, -0.636097294647169,
0.780703788421257, -0.160811232789181, 0.0716769971202169, 0.218902636370603,
0.681163003604156, -0.913696234880202, -0.030083186582445, 0.0648437031261302,
-0.175640755120915, -0.41593350285404, -0.365219485566937, 0.736058377307755,
0.609968170309493, 0.384789700486659, -0.444756570268136, -0.544887214474139,
0.0874206892142179, -0.692349529257965, -0.158903683376755, 0.218607081460797,
0.209393978668025, -0.41161455021419, -0.408164899987474, -0.744739162652587,
-0.745585521078911, 0.96291977197956, 1.06699459211469, 1.23921796882155,
1.31214222166606, 1.52773779454147, -0.756134377468123, -0.245889849594811,
0.121509750851385, -1.35977176789836, -0.613642159677324, 1.38922743259043,
1.19255129427656, 1.78147706554258, -0.0665585768009906, -1.26220948134218,
-0.0392736678834471, 0.508251524743712, 0.562204827795753, -0.223837600156784,
-1.4245074038635, -1.39578910158648, 0.993838243781771, 0.377670198153662,
1.29637122336346, -0.685984508529525, -1.42119660149583, -0.387982191251454,
-0.0885313849580489, 0.261784470989181, 0.894833405516619, 0.0718568842789607,
-0.0521598941919906, -2.17618784358472, -1.59252917558586, -1.81729494958858,
1.14401617595379, -0.409382659412036, -1.04083050038656, 0.506787784181087,
-0.991342473796075, 0.493633728324052, -0.416940883572176, -0.0744825987940847,
-1.90979296559603, -1.14609827658265, -0.924254784937632, 0.486241542001848,
0.114215391952836, -0.406010629584845, 0.01959135190405, -0.530177059733676,
0.0314157055393552, 0.878301971560642, 0.0484358901401404, 1.00144097081107,
0.24891906574352, -1.28029816551866, 1.63329108196277, 0.685335060548815,
1.30491235977886, -0.138047577104317, -0.87425654826098, 0.886447984164329,
0.51334988878256, -0.760871863298233, 2.62981408344613, -0.355607623363852,
0.136670239828861, 0.4292049483304, -0.286914404564619, -1.05706244480583,
1.43900650033503, -0.396644292470408, 0.215046369766323, -0.486783399895907),
.Dim = c(96, 3))
z <- 
c(1, 0, 0, 0, 1, 1, 1, 0, 1, 1, 1, 0, 0, 0, 1, 0, 1, 1, 1, 1, 0, 1, 0, 0,
0, 0, 1, 1, 0, 1, 0, 1, 1, 0, 1, 1, 0, 0, 1, 1, 1, 0, 1, 0, 0, 0, 1, 1, 0, 1, 0,
0, 0, 1, 1, 1, 0, 1, 1, 1, 0, 1, 1, 1, 1, 1, 1, 1, 0, 0, 1, 1, 1, 0, 0, 0, 1, 0,
0, 0, 0, 1, 1, 0, 0, 1, 0, 1, 0, 1, 0, 1, 0, 1, 1, 1)
N <- 96
n <- 3
beta_actual <- 
c(0.0413818023377481, 0.610074828152417, -1.2039192324464)
tau_actual <- 2
