x <- 
structure(c(1, 1, 1, 1, 1, 1, 1, 1, 1, 1, 1, 1, 1, 1, 1, 1, 1, 1, 1, 1, 1, 1, 1,
1, 1, 1, 1, 1, 1, 1, 1, 1, 1, 1, 1, 1, 1, 1, 1, 1, 1, 1, 1, 1, 1, 1, 1, 1, 1, 1,
1, 1, 1, 1, 1, 1, 1, 1, 1, 1, 1, 1, 1, 1, 1, 1, 1, 1, 1, 1, 1, 1, 1, 1, 1, 1, 1,
1, 1, 1, 1, 1, 1, 1, 1, 1, 1, 1, 1, 1, 1, 1, 1, 1, 1, 1, 1, 1, 1, 1, 1, 1, 1, 1,
1, 1, 1, 1, 1, 1, 1, 1, 1, 1, 1, 1, 1, 1, 1, 1, 1, 1, 1, 1, 1, 1, 1, 1, 1, 1, 1,
1, 1, 1, 1, 1, 1, 1, 1, 1, 1, 1, 1, 1, 1, 1, 1, 1, 1, 1, 1, 1, 1, 1, 1, 1, 1, 1,
1, 1, 1, 1, 1, 1, 1, 1, 1, 1, 1, 1, 1, 1, 1, 1, 1, 1, 1, 1, 1, 1, 1, 1, 1, 1, 1,
1, 1, 1, 1, 1, 1, 1, 1, 1, 1, 1, 1, 1, 1, 1, 1, 1, 1, 1, 1, 1, 1, 1, 1, 1, 1, 1,
1, 1, 1, 1, 1, 1, 1, 1, 1, 1, 1, 1, 1, 1, 1, 1, 1, 1, 1, 1, 1, 1, 1, 1, 1, 1, 1,
1, 1, 1, 1, 1, 1, 1, 1, 1, 1, 1, 1, 1, 1, 1, 1, 1, 1, 1, 1, 1, 1, 1, 1, 1, 1, 1,
1, 1, 1, 1, 1, 1, 1, 1, 1, 1, 1, 1, 1, 1, 1, 1, 1, 1, 1, 1, 1, 1, 1, 1, 1, 1, 1,
1, 1, 1, 1, 1, 1, 1, 1, 1, 1, 1, 1, 1, 1, 1, 1, 1, 1, 1, 1, 1, 1, 1, 1, 1, 1, 1,
1, 1, 1, 1, 1, 1, 1, 1, 1, 1, 1, 1, 1, 1, 1, 1, 1, 1, 1, 1, 1, 1, 1, 1, 1, 1, 1,
1, 1, 1, 1, 1, 1, 1, 1, 1, 1, 1, 1, 1, 1, 1, 1, 1, 1, 1, 1, 1, 1, 1, 1, 1, 1, 1,
1, 1, 1, 1, 1, 1, 1, 1, 1, 1, -1.04623129184038, -0.0831305911684736,
-0.230279044953648, -0.968453654594013, -0.595445472499428, -0.430285616840503,
1.23542668202266, -0.639601277040173, 0.625209793096538, 1.83108118567761,
0.529479742404618, 1.16448370832709, -0.268671373851805, 0.116882433392258,
0.137880272464953, -1.00250696664901, -1.1241935584329, -0.608174323514215,
-0.582888901973354, 1.2813981631107, 0.89431203109607, 0.313059349726344,
0.0220676032941069, -1.52634137665846, -1.69101716238544, 1.36061238829602,
0.260292014855911, 0.297479212920463, 0.790260433549325, 0.763845909422391,
-0.762990345505841, -1.92082073648304, 1.91590513227689, 0.0458259678840392,
-0.716282545065362, 0.460901210137326, 0.51552414680737, 0.38523988008947,
0.429994413884431, 0.732234969334205, 1.2138599329941, 2.08555223806759,
1.65031258657204, 1.40466706794928, 0.116535113414527, 1.37105549561875,
0.335996863016882, -0.480376550723616, 1.06189461251883, -0.453560644663262,
-1.13530599249452, 0.565888813308805, -0.137913203198433, -1.48163006551365,
-0.279446982189004, -0.946452862382936, -0.231844387905434, 1.20269655470484,
-0.868838909616958, -0.651241647671459, -0.72209315345736, 1.84337580284746,
-0.369932361184826, -0.224719557722977, 0.800854792377782, -1.02642739946629,
-2.06172340202158, 0.996841007420192, 0.351357302147889, 1.73320130556131,
1.62627120048172, -0.0654392000194753, 0.027447101586676, -0.045083372829324,
-0.145696251117202, -0.0561375259829295, 0.573525245572132, 0.635548668214214,
1.34340245532568, 0.138339584845318, 0.382100315364999, -0.876776609012314,
-1.10009850241062, -0.437806474039824, 0.487911260881908, -0.505339968370113,
-1.15318694216078, -0.435487540457559, 1.65235081628514, -0.550881719693853,
0.46167246240635, 0.536143000416677, -0.338498692507039, 2.75295702887351,
-1.29034744255844, -0.264020552667978, 0.844994918113617, 0.968075684909196,
0.0595713865385387, 2.02616910375348, -0.50708053818235, 0.943878091500453,
-0.572417019333826, 0.495567307763896, -0.962536116110685, 0.221310487665327,
-0.825222766395239, -0.577131341578315, -1.3497475606771, -0.534398458694014,
-1.27710771673495, 0.0409451580891442, -0.788365247547443, 2.35173572449132,
-0.0456858752720825, -1.0870258926635, 0.423611387313045, 1.40372671559795,
0.039899611044629, 0.195188396902906, -0.491514746205614, 1.09471842028337,
0.813304354219433, 2.15266550001006, 1.45885966258897, -1.11104357292543,
-1.49587854245064, 0.425584266303117, -0.360333044661148, -1.82699123935841,
-0.554029804964018, -1.44253435587993, -1.51179206797169, 0.190706284176834,
-1.22769317707888, 0.761582139065963, -0.565697382431653, 0.168760912255785,
-1.71033155001939, -0.101404674583549, 0.227311106284507, 0.478184133337172,
0.554607936615362, -0.329518046357014, 0.73388474316875, 0.267605472407255,
0.775531187747008, 0.313978960238048, 0.099237914303482, 1.20461826359919,
0.677617224551615, -0.623162308884082, 1.19655322267116, 0.585123693043486,
1.42464531100581, 0.208896050694901, 2.00743401933916, 0.766087931450551,
-0.184678948149143, -1.49680232148273, -0.233934462169159, 0.154017128942793,
-3.17963486896858, -2.0744197213485, -1.67575498208367, -0.448436475223212,
0.00335905619833093, -1.08964962779058, -0.659483109700865, 0.0507785412131889,
0.974967842911726, -0.00561687198143724, -1.6498643400954, 0.769045809302284,
0.504208475840715, -1.01317847589448, -1.19545953416673, 0.458836199448293,
1.14083101999871, 2.29728075559665, 2.25936058306753, -0.644154882294284,
0.817164106966707, -0.768196919225818, -2.72074503025026, -1.57027561506835,
-1.21566495921825, 1.01571413290188, 0.650020435045096, 1.05214193072885,
0.411040404723255, -0.237766118920475, 0.662362481560093, -1.42206654496045,
2.06043028451928, 0.207309441929933, 0.229260873522154, -1.55486829008294,
-1.77559951436773, 0.514663485091008, -0.180337238734512, 1.5451191007748,
-0.857929547170639, -0.351421449342788, 0.936048591222825, -1.1565466696736,
-1.78566352725116, -0.36420299359151, -1.04331309548926, 0.477816699289046,
1.44435870215684, 0.930156884641068, 0.656443337385844, -0.864685223584948,
2.04243115696871, 0.641431155928169, -0.966857983286891, -0.0101178245519907,
0.398058097793202, 0.364043319034864, -1.88690794289994, -2.43619518713397,
-0.513673748295582, 0.718262617792145, 1.34921548838716, 0.343614689307346,
-0.720718110432416, -1.25685587314342, -0.299097598313762, -1.46348740720241,
-0.832240143167908, -0.754584636330839, 0.53248778976143, -0.766293547212068,
0.879302290437358, -0.381512869433079, -0.520668237798725, 0.605054114577985,
0.924226444002434, -0.272524048487706, -0.556596144426417, -0.116444294321863,
2.15402425829134, 1.64640926661407, 0.0981050343418655, -0.148935327242775,
-1.70938266232278, -0.57101878051093, -0.81578989196386, 0.643395327615936,
-1.293235196361, -0.726447244339526, 1.72115928916321, 0.0837182226169747,
0.0842955390835013, 0.5027851531959, -0.0215063915266281, -1.47014203810529,
0.448791791632819, -1.05263719360264, -0.367152588865492, -0.850650884969059,
-1.86802784366682, -1.56121816853358, 0.0189010481127077, 1.33335213684905,
0.500066828232856, -1.56977054109672, 0.0187903176114859, -0.552262824290147,
-1.44095981823435, -0.339494061230232, 0.780004409083677, 0.568020774438588,
1.37969520913307, 1.25601442969905, 0.576097295009803, -2.36149355052883,
1.57626850879677, -0.648550848350525, 0.439983287255064, -0.312551746772943,
-1.22884422693115, 0.258526798548945, -0.928009671189309, 0.175355662216026,
-0.296946339662044, -0.870621174686163, -0.9906645594067, 1.5971571601716,
1.21673253835299, -1.95391804112694, -0.289744678131752, 0.435544833352544,
0.58332376475269, -1.51505043357885, 0.0521299458744949, 0.196117845881319,
-0.6187411496434, 1.35984443943702, 1.45374709759076, 2.15572022016274,
0.0924903076802443, 0.743851938528353, -0.466297854807086, -2.62403708519626,
0.193436986016612, 0.59481207897127, 1.31016580358179, -1.90035478332869,
-0.613461402524741, 1.38067148361827, -0.913857213749537, -1.14153754125174,
-2.10235246876818, 0.333203650774624, -1.06450076454365, 0.0711723161078756,
-0.118592083869452, 0.791062813445528, 0.814643323021506, -0.03698623777906,
-0.81142207432914, -1.02920431968815, 1.76981273550802, 1.15854862002082,
-1.22811492509659, 0.658123616663932, 0.149496580229994, 1.9178906123991,
0.832980600256603, 1.41273962840123, -1.54941061145233, -1.92751034759367,
-0.605026735894063, -1.04282885504427, -0.393954269764459, -0.337520089196358,
-1.77755324966203, 0.287499083053744, 1.51694758437227, 1.11756739936609,
-0.506308632525738, 1.24389854459682, -0.0653381694588604, -0.476353996622116,
0.122503289893951, -1.20790932965976, -0.665677141503423, 0.578775211392497,
0.684229530789863, -0.287835956291693, 0.895994556533565, -0.85697659905511,
