x <- 
structure(c(1, 1, 1, 1, 1, 1, 1, 1, 1, 1, 1, 1, 1, 1, 1, 1, 1, 1, 1, 1, 1, 1, 1,
1, 1, 1, 1, 1, 1, 1, 1, 1, 1, 1, 1, 1, 1, 1, 1, 1, 1, 1, 1, 1, 1, 1, 1, 1, 1, 1,
1, 1, 1, 1, 1, 1, 1, 1, 1, 1, 1, 1, 1, 1, 1, 1, 1, 1, 1, 1, 1, 1, 1, 1, 1, 1, 1,
1, 1, 1, 1, 1, 1, 1, 1, 1, 1, 1, 1, 1, 1, 1, 1, 1, 1, 1, 1, 1, 1, 1, 1, 1, 1, 1,
1, 1, 1, 1, 1, 1, 1, 1, 1, 1, 1, 1, 1, 1, 1, 1, 1, 1, 1, 1, 1, 1, 1, 1, 1, 1, 1,
1, 1, 1, 1, 1, 1, 1, 1, 1, 1, 1, 1, 1, 1, 1, 1, 1, 1, 1, 1, 1, 1, 1, 1, 1, 1, 1,
1, 1, 1, 1, 1, 1, 1, 1, 1, 1, 1, 1, 1, 1, 1, 1, 1, 1, 1, 1, 1, 1, 1, 1, 1, 1, 1,
1, 1, 1, 1, 1, 1, 1, 1, 1, 1, 1, 1, 1, 1, 1, 1, 1, 1, 1, 1, 1, 1, 1, 1, 1, 1, 1,
1, 1, 1, 1, 1, 1, 1, 1, 1, 1, 1, 1, 1, 1, 1, 1, 1, 1, 1, 1, 1, 1, 1, 1, 1, 1, 1,
1, 1, 1, 1, 1, 1, 1, 1, 1, 1, 1, 1, 1, 1, 1, 1, 1, 1, 1, 1, 1, 1, 1, 1, 1, 1, 1,
1, 1, 1, 1, 1, 1, 1, 1, 1, 1, 1, 1, 1, 1, 1, 1, 1, 1, 1, 1, 1, 1,
-0.67851908172823, 1.48968286624804, -1.03602739039584, 0.955742052598539,
0.289676995110878, 0.782379348283234, 0.932873818366689, -0.342310126491252,
-2.52229012676394, 0.86296250326262, -0.305517873589155, 0.857909970320158,
1.02500510576021, -2.1066935092078, -0.984473068314753, 2.01136198779817,
1.10092077523639, 0.409655071999088, 0.417494721729438, -0.0677807131674935,
-0.0587231478731232, 0.454374786248705, -0.70512802505236, -0.715205438484702,
-1.09408317298189, 1.71038743457018, 2.53397595407848, -0.461947365193253,
0.376790059941564, 1.22151623835093, -0.656326389586108, 1.35573582013044,
-0.732508424217985, 0.74932851438076, 0.902312026975318, -2.44225784085235,
0.106227087452394, -0.530251371068386, -1.36188898862739, -1.52996544439106,
-1.78890818094449, 0.0655822088269039, -0.300187912582852, 0.00611383893995809,
-1.95058467213906, 1.20186681147426, -0.662727693138416, -1.48829317051671,
1.19425855330521, 1.91097010290449, 0.379772338309715, 0.277039069877615,
-2.85613853755867, -0.0108888950710958, -0.737453662315172, -1.00866695686826,
-0.565355608062763, -0.232923206100457, 2.36109256487169, -0.544020424494792,
1.80291541626936, 0.188038731912442, -0.223104586356964, 1.57851652812395,
0.0775048218188162, -0.00203058842409516, 0.566974806411678, -1.39520496514642,
-1.32534152314648, -0.108692481931578, -1.03111841176394, 1.09191011851728,
-0.443460253598317, 0.246233698563957, 1.02727771559782, -0.734442278923257,
0.540104863012578, -0.292166759175082, 0.374714210310531, 0.477201228044617,
-0.186062076106047, -1.4517451114347, -1.54562591178608, -0.810827208558462,
-1.24727192885422, -0.910792613560984, 0.416851287300678, -0.209392602950869,
0.394113493673727, 1.41900208688666, -2.39074146806295, 0.148951243843382,
0.326491472442929, -0.666523202590664, -1.54264887704243, -0.559574733606771,
1.14597853993234, 1.77559505454602, 0.338815327230392, -1.32218235994304,
-0.86148390929802, -0.710765020056715, -1.46731181356394, -0.125826872017875,
1.17001510127433, -0.210529359589954, 0.601582301739768, -0.495743502190999,
0.450998873214294, 0.0109046119132928, -0.272641994908138, -0.21606834364982,
0.480735748158005, 1.14659626006619, 1.58813309606541, 1.70095845821764,
0.781019804326476, -1.79372909022527, 1.38128650763977, 0.125749386603325,
0.917504426971063, -0.839373392499324, 0.5511183191253, -0.406479615151686,
2.28639972558317, -0.353221313453336, -0.089631666341184, 1.30534081432139,
0.253853428008122, 0.282042202925546, 0.136041502658265, 1.53662581210424,
-0.798543393588723, 0.834213123436558, 0.359356565789249, 0.371839390847759,
0.843543867910562, 0.812202046286437, -0.707187483403729, 1.29312557051722,
-2.39148157395113, -1.28432136137485, 0.25598567994476, -2.05080206962597,
-0.769957391993088, -0.827923308725562, 0.656723089504119, 0.303071113978498,
-0.150782696286417, 0.568716457747504, 2.00212119621705, -0.2370956116449,
-1.16150038179068, -0.929137337855791, -0.205618726593186, 1.7087758387701,
-0.113332703654058, -0.0651332058593787, -0.321129194254926, -0.882070149653993,
-1.1707161226816, 0.466841893988382, 0.344988739725344, 0.921584381449131,
0.310095453636477, 0.164620643778553, 1.18971313806454, 0.554368284885055,
-0.17201683799355, -0.920680733430436, 0.484733838388519, -0.484424820815044,
-0.69087785646485, 0.765717117002, 1.00237013793965, -1.32697845685223,
-0.169523215875736, 0.285343938523291, 0.937797614371588, 0.424603183566155,
-0.00959254167676577, 1.289035392324, -1.08125830978127, -0.328097816676597,
1.28506363796127, 0.844393665143173, 1.02923859261925, -0.38162253302366,
-0.574621496517823, -1.0454776721347, 1.64645607496507, -1.86793858432233,
0.797399959726056, 0.00404359731744756, -0.331599564251792, -0.118795758062227,
0.254093078796117, 2.01627721743241, -0.260267784868289, 1.46945840786954,
1.52534973786653, 0.635155682747567, 0.191408600609401, 0.0693631277418035,
0.86608696600003, -0.676117991708943, 0.446437849255603, 1.37847492553588,
-0.562443022586604, 0.732468736125733, -0.201333349058613, 1.12125700160241,
0.866817837428527, 0.330911993182895, 1.23026899315156, 1.02791536011056,
-1.3926979011909, 0.515493002458243, -0.279288605329373, 0.345476366036722,
0.759033050037771, 0.4795101902455, -1.27453743316316, -0.309691410384897,
1.42947916791189, -0.666420493511375, 0.01337089300701, -0.164890295941053,
-0.593436252753126, 0.972218987216507, 1.43836884166137, -0.848784074369206,
-0.955119128132192, -0.242866805521185, 0.291324912081892, 0.872240561814932,
1.46746562011243, 0.801665788529902, 1.65071139806015, -0.502677376702578,
-1.29134006834427, 0.270314643745281, 1.97291170509559, 0.0820327197254895,
-0.547642302587225, -1.46322984983406, 0.675473978518538, -0.342519863418019,
1.85558738444243, -0.276012076153957, -0.218316406633095, -0.0991235831151779,
0.371232115927119, -0.576691431629093, -0.732398418508965, -0.749923864448307,
0.767090513929499, 0.370656472552797, 0.170083844866113, 0.332459134738421,
-1.9033298276872, 2.56905544146118, 0.723533472215459, -0.269952832383908,
-1.72388807589934, -1.59682345929117, -0.688943470179654, -0.287475282352172,
-1.75499735288589, -0.741663168888704, 1.09197538935057, 0.71803791433674,
-1.10632198792089, -0.302989218831422, -0.475514621526181, 0.310407921227756,
-0.28710376004776, -0.562155694152402, 0.463109320758325, 0.945298713625917,
0.19843347853357, -0.281537562841804, -0.21556704366174, 2.04200412810452,
0.0458496947032685, 0.09456161685479, -0.0115048988681799, -0.24784358129335,
-0.260511694671686, -0.538795326420006, 1.82630357347347, -0.438594547111217,
0.0153431552951294, -0.52029282420126, 0.241626567958506, -1.61476948577901,
-1.7249364762376, -1.02640063869464, 0.717129225986871, 0.630427461063366,
-0.693523129879517, 2.61936835425812, -9.69142462739492e-05, -0.153379052552097,
0.867858804679417, 0.24393481138921, -1.17909531620421, 0.376084932101081,
-1.16868790222787, 0.0244383775122397, 0.157774752096546, -2.08216617814986,
0.0797019429941006, -1.96351156791861, 0.893065794213318, -1.09794619314746,
-0.0245386764996816, -0.10046388726965, 1.00128809805756, -0.922907242299934,
0.683753123369898, 0.906425008341001, -1.06365734940596, 0.186538700587918,
-0.020901750535515, 0.885063510162796, 1.53183149037243, 0.888236626234917,
0.996638114898192, -0.044006967454403, 1.65157096199471, -0.582822609093093,
0.775325839248235, -0.847771107404114, -0.698988814889544, -3.01164175426127,
-0.0690736282077967, -2.19602520939707, -0.581388798829934, -1.55701602207811,
0.909374198674058, 1.82084554660697, -0.953099593937015, 1.19993017653111,
-0.467686168633255, -0.0488542088386642, -1.46714046897412, -0.0693407502657653,
-0.72736066483891, -0.810698187840068, -0.404479416789526, 0.0448363744273066,
-1.03265075760841, 0.370309614369208, -1.16702344068591, 0.602393471379307,
2.16772758516968, 1.33124169715419, 0.0119369661832227, -0.346436936801037,
-1.25839691568986, 0.480435916120742, 1.8471843702797, 1.28769357371996,
-0.472551403137573, 0.373573660099942, 0.446537461055962, -1.32454847648699,
