x <- 
structure(c(1, 1, 1, 1, 1, 1, 1, 1, 1, 1, 1, 1, 1, 1, 1, 1, 1, 1, 1, 1, 1, 1, 1,
1, 1, 1, 1, 1, 1, 1, 1, 1, 1, 1, 1, 1, 1, 1, 1, 1, 1, 1, 1, 1, 1, 1, 1, 1, 1, 1,
1, 1, 1, 1, 1, 1, 1, 1, 1, 1, 1, 1, 1, 1, 1, 1, 1, 1, 1, 1, 1, 1, 1, 1, 1, 1, 1,
1, 1, 1, 1, 1, 1, 1, 1, 1, 1, 1, 1, 1, 1, 1, 1, 1, 1, 1, 1, 1, 1, 1, 1, 1, 1, 1,
1, 1, 1, 1, 1, 1, 1, 1, 1, 1, 1, 1, 1, 1, 1, 1, 1, 1, 1, 1, 1, 1, 1, 1, 1, 1, 1,
1, 1, 1, 1, 1, 1, 1, 1, 1, 1, 1, 1, 1, 1, 1, 1, 1, 1, 1, 1, 1, 1, 1, 1, 1, 1, 1,
1, 1, -0.540351421360184, -1.4659514119252, 0.507332549574256,
-0.811400388110929, 0.480885382419657, 0.945663164041584, -1.4960117358013,
0.0341509023998287, 0.559198297513705, 1.36139717274597, 0.440168932167207,
0.618768433253143, 1.09941370054728, -0.957256835867557, -0.266706508359611,
0.291862484591299, 1.3950548368061, 1.19142467537854, 0.0970736244720642,
-1.48515030536185, -0.0311215247167889, 0.00367007836247847, 0.476741864020081,
-0.0441812435710603, 0.346386556060544, 0.122469293848304, 0.256731712957629,
0.213028550711114, -0.258304827092984, -1.11942406057187, -1.30383591304377,
1.31602265469686, -1.524425261601, -1.39273014545681, 0.375479169443798,
-0.0835044815779242, 0.495502957007639, -0.193862667754876, 0.66674340699524,
0.213129648375567, -0.589626057214489, 0.701274168308667, -0.927935223140635,
0.0653387794968619, -1.46409516700912, -1.04947426262931, -0.415638538213578,
0.974796687695903, -1.10250007193992, 0.998610330668092, 0.958757129217394,
1.87107624899753, 0.449445862250079, 0.220091862034411, 0.455322941649266,
0.338747384968908, 0.649613430259042, -0.254612435253642, 0.860105177676448,
-1.21198088347733, -0.695359133828574, 0.458910339507073, -1.0663826460495,
-0.0424848435322875, 0.647503983251088, -0.183970204702553, 0.00543653078493266,
-1.5619332989551, 1.53096536553753, -0.977855860093478, 2.23627716857519,
-1.38669065156413, -1.44210184851146, 0.00806084720513225, -0.828781091744922,
0.804431929903829, 0.0132148190299043, -0.330911690497232, -1.33642974908084,
1.37936452833789, -1.1253673789444, 0.438199785484504, -0.534744968254269,
-0.24735153010716, -1.07597788393881, 1.00354103954884, -1.25164375733107,
1.83793804139549, 0.192406954384727, -0.698739947903977, -1.15486595664209,
1.08643989745307, 0.79093529629104, -1.59293704109974, -1.66990236080137,
0.691882739018778, 0.78055731798502, -0.0870633106578717, -1.20050960230484,
-0.204495539947089, -0.282277170616878, -0.643381525194583, -1.10301444133889,
-1.63769578467086, 0.0684288333936014, 0.635371575397534, 0.724442594525897,
-0.932809047869009, -1.66149919631029, 0.687171980813456, 0.758128225186922,
0.0974637252262462, -0.763399625057973, 0.0249326387622722, -1.32006174819536,
-0.852454677234826, 1.77272525880735, 1.59865640654948, -1.12568443224041,
2.65744178948518, -0.0251041126084849, 1.55907044111863, 0.464287432139676,
-1.22044875309748, 1.18646477215945, -0.026545085444392, -1.33419258408452,
0.492464887751286, -1.61227396230134, -1.12817616760882, -1.3653737263508,
-1.80332521328773, 1.22399546695651, 0.352275795307485, -0.979847453315649,
-0.101923549982809, -0.947157683738978, 0.764686863460116, 0.441498572627201,
-0.40252506860663, -0.742974424435689, -0.287876413488016, 0.853092750456147,
1.08142422679976, 0.444212498470155, 0.29158890112209, 0.47164297144044,
-0.211857553551827, -0.488660973637591, 0.933861166008153, -0.470026411056232,
0.915716679252499, -0.585124358616608, 0.184825984450969, 0.852401928805113,
-0.184711862381205, 0.254307800363853, -0.325183129172762, -1.04704272924789,
0.474659656046504, 0.265841317965846, -0.779123056847914, -1.09874831095662,
-0.00630211255587937, 2.09132433496823, -0.718560951623773, -0.432420083202111,
-0.266023397072239, -0.0399419351418469, -0.635695579221756, -0.866494111711941,
1.76331000334179, 0.686688444556308, -0.204653233723206, -0.486570052489001,
1.02956574434332, -0.182506131160971, 2.2773186292242, -0.0495312269575264,
-0.548776963362036, 1.61835905138725, -0.849148825422934, -1.16685148882252,
0.0301895392899137, 1.51477496175563, -2.34701578102781, 1.92641318241754,
0.0674657630797654, 1.4770095662684, -0.252529952197869, 0.741232167934546,
1.39589037030912, -0.728062314992566, 0.909845853461127, -0.851624608365348,
-0.277078503461845, 0.586493682054252, -0.348337718038324, -0.735151035124129,
0.921537657654031, -1.37798754166477, 0.49709380584503, 0.507705439726554,
-0.155648314410499, -0.336239165095604, -1.02707717333621, 1.01139469289818,
0.134256261295152, 0.0726103038811665, 0.42208646825245, 0.243804462474176,
1.66626203322206, 0.292894597460503, -1.38626040771743, -1.07566363882327,
1.27933908128782, 0.949851728528246, -1.75343918469767, 0.124684850385547,
-0.511633491181513, -1.02960459165818, 0.389202472346587, -1.00227212468937,
0.755011109649607, 1.03340826113737, 0.414738221250372, -1.80420963974675,
-0.907804346045711, 1.10800804623059, -0.431912954633954, -0.770050682903156,
-1.02406817443246, -1.68635467890946, -0.135226587070099, 0.882719814892233,
-0.132596999729056, -0.652782512497878, -0.88503827279873, 0.479803743393888,
0.269521373838197, -0.659379718515826, -0.944976776756419, -0.637402216483087,
0.0970219425418317, 0.196453754295343, 1.09945929825899, 0.956686769297798,
1.89388493413501, -0.718013631006224, -1.52241159983024, -0.686331798703579,
-0.650981602977091, 1.26491229510616, 0.0590799171285218, -0.149453789593388,
-0.618290263019176, -0.147734400951553, -1.52805575940389, -0.203681073012193,
-0.682717103873764, -1.55349427421215, -0.67420213309793, -1.17875590799938,
-0.401179761667878, -2.25741776914902, 1.76475296141084, 0.845478412408996,
-1.03769775136209, -2.39374161828774, 0.916201036187612, 0.268962436634051,
1.90495655646779, -0.730505710876497, -0.370562598027313, -0.904943342532299,
-0.442804382560895, -0.102854417574387, -1.03000772635073, -0.0378491209496059,
0.363488522263964, -1.5740682295728, -0.539692754630774, -0.208053346614708,
-0.650503195374571, 2.29379900226579, -0.400361736150619, 0.745797208516442,
-0.897355652592067, 0.736769053769425, -0.822002839285315, -0.246577043704347,
0.182916261750997, -0.517041764180408, -0.149358253287861, -1.28994798180625,
1.81627929268132, -1.00983997696419, 0.752530248226684, -0.753527504271241,
0.146102725056039, 0.679749497676271, -0.194830468859636, -0.33883156678154,
0.62994607782985, 0.428061428738835, -0.711699310982859, 0.450050157897017,
1.35999128362085, -1.09979454738825, 0.611060347171687, 0.0718394221036356,
0.387689908231053, 0.798159676438861, 1.85908443768, 0.404024435498372,
0.387332378602423, -0.195280910805095, -0.568873005226051, 2.18247929671515,
0.0419666374309838, 1.41344144333057, 1.07388367912602, -0.0323486756173736,
1.24708981634827, -0.849836000820704, -0.314711179036815, -0.189631825980772,
-1.35842984873541, -1.8682551538315, 1.59105458039651, -1.68294023166868,
0.130199893998027, -1.27757693698322, 2.20331075541945, 0.110123429776612,
-0.25958961515046, -1.07904626903772, 0.676781629441913, 0.507662939282774,
0.176463246601489, 0.874142904327413, 1.21309063155249, 1.04808695654154,
1.12850641451178, -0.52410175853496, 1.20625511391842, -1.46964226572123,
-0.296198007996225, 1.41728654108813, 0.695228825378271, 0.226606581399082,
-1.01957558916706, -0.865627362526608, 0.855802910114223, -0.152014652182788,
0.604211371179893, -0.0555000224876412, -1.38341663752835, -1.52538626811415,
1.55424113184721, 1.66774124311593, 0.0830235467931695, -0.20200698200614,
-0.585039627575671, 2.15401051680868, -0.239283733793537, 0.566140532338064,
0.350106054257748, -1.37689757780837, -1.29862971825022, -1.40738028201583,
-1.25619379098334, 1.26632066208628, -1.25460981598219, 0.793909031399018,
-0.485300693560177, -0.946087979983655, 0.282346573471149, -0.237828743754225,
1.39219018436714, -0.126650932738409, 2.17845722220315, -0.837704044052988,
-0.774213066608242, -0.82154943810844, -0.5960596109997, -1.24538300279465,
0.121596134363156, -1.36292016210758, 0.695129492102766, -2.23958407411788,
