x <- 
structure(c(1, 1, 1, 1, 1, 1, 1, 1, 1, 1, 1, 1, 1, 1, 1, 1, 1, 1, 1, 1, 1, 1, 1,
1, 1, 1, 1, 1, 1, 1, 1, 1, 1, 1, 1, 1, 1, 1, 1, 1, 1, 1, 1, 1, 1, 1, 1, 1, 1, 1,
1, 1, 1, 1, 1, 1, 1, 1, 1, 1, 1, 1, 1, 1, 1, 1, 1, 1, 1, 1, 1, 1, 1, 1, 1, 1, 1,
1, 1, 1, 1, 1, 1, 1, 1, 1, 1, 1, 1, 1, 1, 1, 1, 1, 1, 1, 1, 1, 1, 1, 1, 1, 1, 1,
1, 1, 1, 1, 1, 1, 1, 1, 1, 1, 1, 1, 1, 1, 1, 1, 1, 1, 1, 1, 1, 1, 1, 1, 1, 1, 1,
1, 1, 1, 1, 1, 1, 1, 1, 1, 1, 1, 1, 1, -1.40974836881092, 1.20885247127311,
-0.689873279538879, -0.894077026985118, 0.963528342544147, 0.882718582582541,
0.0492071622334335, -1.01018451536196, -1.18681746251885, 1.22841547333999,
1.5110527961099, 0.982154156910561, -1.91027442734614, -0.367342898638221,
0.0755091750319122, 1.13305185607493, 0.175252519057902, 1.49092312738507,
1.17421286646469, 1.24695639396536, 0.442518784119583, 0.963001108199944,
-1.37939965530751, -1.08302334852698, -1.24050819627044, -0.990625396335098,
-0.610616268551355, 2.19546768984258, -0.898743084930494, -1.45124178282501,
0.62321559069453, -0.715350201682786, 1.24397552414145, 1.12524228005165,
0.675421977000293, 0.667938623674038, 0.357741691279413, 0.620251331537967,
2.39703867595694, 1.40733453368805, -0.652321862565695, -0.535089512509425,
0.304313509628375, -1.12480192181631, 0.454223130332091, -0.711866177277314,
-1.25055091254459, -0.0498601193198126, -1.48086411913836, 0.624545694521438,
0.921629293680526, -1.50676407668683, 0.864747369009889, -0.882879464697767,
-0.450397010726114, 0.0946379733606426, 0.302658630379345, -0.462428231992628,
-0.53694495191783, 0.604899777297975, -1.11383866391746, 1.41211590313577,
0.435838352489983, -0.0481504085714116, -0.165616463497759, 0.392213110425539,
0.538744256635798, 1.28834537954039, 0.783716417217505, -0.224978550150514,
0.896690588638349, 1.33732088602103, -0.791059761594999, 2.60387689240327,
1.2150401390738, 0.506875130212732, 0.535510979820554, 2.37204921975302,
-0.754729049922808, 0.797388701757178, 0.19305181682687, -2.28123700705961,
-0.220141686645663, -0.304556858516243, 0.57763098906064, 1.55143596055224,
1.08845413081163, 2.16770780709927, -0.170733156909797, -1.06359361752498,
-0.640495395802053, -1.69788060348206, 0.950660973131077, 0.0524862611109379,
-0.775055456654991, -0.720919043656351, -1.54576415529325, -2.05911056904041,
1.09125590487384, 0.138238520449732, 1.66320560009178, 0.0240811013932709,
1.73846376339681, -0.77829034106097, -2.37198835846161, -0.730670165538554,
-0.0169556817251481, 1.64026834623646, 0.0772013580687212, -2.18774613259662,
0.209929670634368, -1.89506623505023, 0.787472284098495, -1.71001908851231,
1.14906889810949, -1.03627632717398, -0.0762880712523426, 0.317080687555086,
-0.18525436064439, -0.0983231148372533, 0.526229148230853, 0.691735174226705,
0.404450801240659, -0.210766256332612, -0.714754594814052, -0.538380151339703,
0.757632576156976, -0.709868834036041, -0.457759704882768, 0.498661235272268,
-0.990199188020565, -0.258008194813717, 0.0553506410887831, -0.219329936140353,
0.296571195767523, -1.32710047671492, -1.32422186044203, 1.87005016333029,
1.11322467396472, 0.785611589105007, -0.55086771545146, 1.42489822826718,
0.686784683460771, -0.173668388406522, 2.0204092494163, 1.47462528398758,
-0.828477855272922, -0.454594977855677, -0.362045769917553, 0.68548718765765,
1.06426268377925, -0.326394598558795, 0.958670284026769, -0.198038646723134,
-1.66211532589488, -0.962934752544778, -0.938000659276389, 1.76324171724877,
0.867413443438175, -0.320414230060227, 0.634815294632208, -0.388459874713081,
0.79674854318223, -1.27483755792974, -0.0935140272227902, -0.561268029222192,
-1.13927514076089, -1.07656556266917, -0.21175525355401, -1.28454818603145,
0.233934076822227, 0.486539420746141, 0.214893347324621, 0.468466098723779,
-0.789477616855108, 1.13989520499329, -0.318916167412484, 0.869029184067685,
0.544461460017526, 0.406861380332669, 0.345561294670656, -1.04782264945316,
-0.944981041465853, -1.14589246568362, -0.556994181480302, 0.0849950126429103,
-0.350317322243882, 0.25654419172852, -0.343279242768618, -1.6147373828481,
0.926848858656512, 1.17413170732694, -0.477107053543725, -1.45994742574164,
0.164993391610375, -0.904479764526562, 0.575237643725874, -0.420186572652034,
-2.54444569822766, -0.0188288941501063, -0.755429553711898, -0.750681931318276,
0.0386594146175593, -1.40236109718404, 1.16427840641972, -0.0372291870758854,
-0.400800372619335, 0.512302801800962, 0.0602245350523994, -0.336383801402637,
-0.442831651853958, 0.79215460508825, 0.115859728360028, -0.67008683024774,
-1.32297212545159, -0.474363876272335, -1.03166750107132, -0.113636534778649,
-1.48983826822081, 0.485114426859603, -0.546580930822947, -1.17957957299857,
0.189629542617871, -1.00898978732464, -0.315952913714737, 1.87746491164393,
-0.578322264745356, -0.0516065446994124, -2.07995100723799, -1.46665234004529,
-2.33367195562225, -1.48828850464638, -0.328595125588522, 0.493440298674444,
-0.483418029112704, 1.34264182374818, 0.0583323798161586, 0.941665721643235,
1.84239301307198, -0.939214655771411, -0.769547867166895, 1.28535098970802,
0.506808708417804, -0.720050428887897, -1.4896621862148, -0.075505741779278,
-0.010377021178731, -1.34311854355302, 0.160400763236353, 0.0194499095496415,
0.801906998178068, 1.10849609019709, -0.662641818847723, -0.209857538996169,
-0.195569578580693, 0.66167910972624, -0.982638310867239, 0.674252635030647,
-0.828314841915966, -0.0462840621629682, -0.615070431247615, -0.164994479617678,
0.269015881682742, -0.210372787625656, -1.61409885833036, 0.918161842916342,
0.737636458093891, -0.0552368864698027, 2.36093398517612, -1.41521880098033,
-0.349191133196872, 1.16193140691646, 1.1747306155915, 0.707876931167798,
-0.632206041635991, -0.739369962817546, 0.0977367193687039,
-0.00937881353522692, -0.850163344158853, -0.765524517882634, 0.871845769328153,
0.551684253428604, -0.619969440936737, -1.06528897405261, 0.0933309767334471,
0.747934596372262, -1.36487539272853, -2.23092407998668, 0.694756681468566,
1.67243130884271, -0.492665407797729, -1.95814490588506, 0.432328385585097,
0.430226837330313, 0.92049318506396, -0.753856116026762, -1.9952041899863,
-0.235256585150365, -0.0317066697144998, -1.42116163177061, -1.79831266813506,
1.221992449112, 0.108753177618198, 1.26936865797353, -0.467498907398112,
-0.500571950593797, 1.80965523334776, 0.145963179544535, -0.35551942207282,
0.129179744631637, -0.178399172024932, -1.82497435050912, -0.779011854150501,
-1.14438767203832, 0.339111170083868, 0.804343528417137, -0.924833693392018,
-0.71882821432713, -0.275981577993574, 0.732684530022881, 0.108729383482066,
0.988782433686576, 1.85320727174622, 0.327230149565626, 0.88504777763445,
1.46569837416015, 1.11297322830132, -0.322379828507117, -1.92941255450551,
-0.925910160590973, 0.624489562639442, -1.51027524155704, -0.962565418382187,
-0.719697222751689, -1.15484014191064, 1.25197487383482, 0.73390189273242,
-0.489240832157305, 1.2192491897126, -0.734325166838978, -0.159051272801287,
1.32508868916036, -0.628632689457998, -0.397178979725694, -0.512573929955015,
1.22358320965759, -0.544898432680505, -0.681260645189211, 0.0695692683097944,
0.948934238665324, 0.345809581514906, -0.734922148255019, -1.44700031672055,
0.338933226022065, 0.246473336610847, 0.804567185958425, 1.72301105099613,
-0.702436784893425, -0.00307780224116461, -0.345861027436686, -1.10643088071549,
0.555339159582606, -0.343715409847725, 0.360814284675862, -0.763466811213929,
1.57631491088634, -1.29826956436216, 0.807905399630806, 0.492384310782025,
-0.12978791596854, 0.494978472722171, -0.592984847864694, -0.500275794561111,
-0.807210723722133, -0.976995300802531, -0.327881957560205, -0.608393196535397,
0.38162515287045, -0.814844699162366, 0.287714632218572, 0.904663533007323,
0.565886531116508, 0.597951344585716, -0.278302891893528, -0.133402017315857,
0.745974727536047, 1.12549659366122, 0.553831326246297, -1.29761477739748,
0.491328501213716, 0.754234929560611, -1.22531816864957, -1.70469960723192,
