x <- 
structure(c(1, 1, 1, 1, 1, 1, 1, 1, 1, 1, 1, 1, 1, 1, 1, 1, 1, 1, 1, 1, 1, 1, 1,
1, 1, 1, 1, 1, 1, 1, 1, 1, 1, 1, 1, 1, 1, 1, 1, 1, 1, 1, 1, 1, 1, 1, 1, 1, 1, 1,
1, 1, 1, 1, 1, 1, 1, 1, 1, 1, 1, 1, 1, 1, 1, 1, 1, 1, 1, 1, 1, 1, 1, 1, 1, 1, 1,
1, 1, 1, 1, 1, 1, 1, 1, 1, 1, 1, 1, 1, 1, 1, 1, 1, 1, 1, 1, 1, 1, 1, 1, 1, 1, 1,
1, 1, 1, 1, 1, 1, 1, 1, 1, 1, 1, 1, 1, 1, 1, 1, 1, 1, 1, 1, 1, 1, 1, 1, 1, 1, 1,
1, 1, 1, 1, 1, 1, 1, 1, 1, 1, 1, 1, 1, 1, 1, 1, 1, 1, 1, 1, 1, 1, 1, 1, 1, 1, 1,
1, 1, 1, 1, 1, 1, 1, 1, 1, 1, 1, 1, 1, 1, 1, 1, 1, 1, 1, 1, 1, 1, 1, 1, 1, 1, 1,
1, 1, 1, 1, 1, 1, 1, 1, 1, 1, 1, 1, 1, 1, 1, 1, 1, 1, 1, 1, 1, 1, 1, 1, 1, 1, 1,
1, 1, 1, 1, 1, 1, 1, 1, 1, 1, 1, 1, 1, 1, 1, 1, 1, 1, 1, 1, 1, 1, 1, 1, 1, 1, 1,
1, 1, 1, 1, 1, 1, 1, 1, 1, 1, 1, 1, 1, 1, 1, 1, 1, 1, 1, 1, 1, 1, 1, 1, 1, 1, 1,
1, 1, 1, 1, 1, 1, 1, 1, 1, 1, 1, 1, 1, 1, 1, 1, 1, 1, 1, 1, 1, 1, 1, 1, 1, 1, 1,
1, 1, 1, 1, 1, 1, 1, 1, 1, 1, 1, 1, 1, 1, 1, 1, 1, 1, 1, 1, 1, 1, 1, 1, 1, 1, 1,
1, 1, 1, 1, 1, 1, 1, 1, 1, 1, 1, 1, 1, 1, 1, 1, 1, 1, 1, 1, 1, 1, 1, 1, 1, 1, 1,
1, 1, 1, 1, 1, 1, 1, 1, 1, 1, 1, 1, 1, 1, 1, 1, 1, 1, 1, 1, 1, 1, 1, 1, 1, 1, 1,
1, 1, 1, 1, 1, 1, 1, 1, 1, 1, 1, 1, 1, 1, 1, 1, 1, 1, 1, 1, 1, 1, 1, 1, 1, 1, 1,
1, 1, 1, 1, 1, 1, 1, 1, 1, 1, 1, 1, 1, 1, 1, 1, 1, 1, 1, 1, 1, 1, 1, 1, 1, 1, 1,
1, 1, 1, 1, 1, 1, 1, 1, 1, 1, 1, 1, 1, 1, 1, 1, 1, 1, 1, 1, 1, 1, 1, 1, 1, 1, 1,
1, 1, 1, 1, 1, 1, 1, 1, 1, 1, 1, 1, 1, 1, 1, 1, 1, 1, 1, 1, 1, 1, 1, 1, 1, 1, 1,
1, 1, 1, 1, 1, 1, 1, 1, 1, 1, 1, 1, 1, 1, 1, 1, 1, 1, 1, 1, 1, 1, 1, 1, 1, 1, 1,
1, 1, 1, 1, 1, 1, 1, 1, 1, 1, 1, 1, 1, 1, 1, 1, 1, 1, 1, 1, 1, 1, 1, 1, 1, 1, 1,
1, 1, 1, 1, 1, 1, 1, 1, 1, 1, 1, 1, 1, 1, 1, 1, 1, 1, 1, 1, 1, 1, 1, 1, 1, 1, 1,
1, 1, 1, 1, 1, 1, 1, 1, 1, 1, 1, 1, 1, -0.346608849659012, 0.473522047656061,
0.673091370119484, -0.736417096373753, 2.03372277025359, -0.379251171685152,
-1.66195028822634, 1.3726349710886, 1.28436845098515, -0.840052537292521,
0.0794888232495175, 1.00934790012969, -0.215613448917701, 1.36091751704016,
-0.926895516252478, -0.104439407481042, 1.11397781971746, 1.18085084509653,
0.567845939619532, 1.21829621047535, 0.651399011772221, 1.01100100396882,
-0.142894876261377, -1.63665973867763, 0.20240483888197, 0.490453938599205,
-0.445399453101939, -0.839368928186692, -2.32450989830316, -1.64047880814115,
0.479817544795969, -0.603352977764114, 0.479372222634591, 0.430939212085464,
-0.52095436645336, -0.189774240499339, -0.465565429342866, 1.20180484630682,
-0.26907590567206, 2.70087153147696, -0.175514286420564, -0.423364289073242,
-0.295125373606867, -0.226102633650463, 0.0632475827628776, 0.414576358596358,
-1.12983862413679, -0.780252301309061, 1.39285300070298, 0.9461961450589,
0.00317304824974646, -0.194512146185502, 2.37903088696703, -0.203925446142614,
0.639148457802075, -0.606227831373982, -0.728523564135378, 0.803094774692241,
-0.182303785675255, 2.29953670382294, -0.401916043370038, -1.84732474791735,
-1.48750069886126, 1.06158062792863, 0.758116039444399, -0.470307680825842,
1.11344409762531, -0.67220111446676, -0.189063565764617, -0.0398071161130235,
0.73024226147044, 0.814511677360045, 0.226444582071805, 1.08629215081552,
-2.37511232764868, 0.358838004901188, 0.124920680861734, -1.12022435630011,
1.84179125329466, -0.0172362699965622, 1.51081476360371, 0.588573260346281,
-0.592964675875644, 0.972262428304366, -1.01594237883711, -1.2423580511068,
-0.0608403592141592, 0.20675882700697, 1.01627618349988, -0.222415188305437,
0.845803871855794, 0.812278861683945, 0.181537391122366, 0.665936193288799,
0.616079650231139, -0.315178885752315, -0.153492437263408, -0.562812031235318,
-0.514109775179242, 0.680634639541027, -1.0606208057495, -0.798547852585602,
-0.289874824565413, -1.08799421449826, -1.7543290285118, -0.979132863950998,
-2.62317285899407, -0.659157153673421, 0.248959193853332, -0.922798877621668,
-0.332166026533203, -0.119374692874959, 1.06243161572204, -0.19979182911914,
1.01263924262576, 0.199402553238502, -0.270602348420929, 1.36379110338881,
0.96005367902728, 0.56539955558817, -1.51694420340848, -0.00594959452466811,
1.11305772947905, -0.124453155348342, 0.37292727652128, 0.344799565924707,
2.25231159333815, -0.329627312745951, 0.0912239789597189, -0.195193875587361,
0.372439025708813, -1.2444432940373, -1.84450167046807, 0.911823898765731,
0.238631650421501, -0.963763225496157, -0.27465728677438, -1.61764827168035,
0.3655516191151, 2.08728043367659, -0.623067715677795, 0.491408540871321,
-0.603290943429873, -0.527805617070697, 0.147527670010201, -1.43375645326238,
-0.988498870672565, -1.22757488081711, -0.131177754994604, -0.611288476709766,
-1.29953366434294, -0.00306618000432828, -0.162242701596764, 0.620119520798227,
-0.316170598629334, -0.430306523544125, 0.339382848284146, 1.28323809889729,
2.57854931647386, 1.66432869854602, 2.73470509121748, -0.714555716947964,
0.292921375071542, -0.960829649803782, -0.189861782828486, -0.214901677617881,
-0.0177276195592001, -0.151180979700079, 0.457017995037278, -1.06721183375781,
-1.34391485858064, -0.765741902722412, 0.437902788207393, 0.160083980173126,
1.38045739285719, 0.547727104394909, -2.16037948042586, 2.02824851184486,
-1.18633426674901, 0.320038609582703, -0.930742269992882, 0.600564084468861,
-1.52003131746866, 0.909503759759631, 1.7516850353907, -0.412065395707208,
1.40780055822942, -0.623253074458618, 0.622018373993036, -1.05586903749063,
-0.619012755658693, -0.232209786634933, 0.0758711623514039, 0.584508496114857,
1.18735174086445, -0.551621198229419, 0.0381834662226982, -0.570642005317871,
-0.0647883751734976, 0.115401478907773, 1.11045477450666, 0.0332571950876437,
0.319022468382955, 0.154760016047112, -0.727679312093489, -0.2353552128687,
0.747301442554102, -1.55612654977966, 0.853954604024711, -0.0688859270284708,
0.163156468950166, 1.10186663413343, 1.50385124505072, 2.30781547206053,
1.40811957408673, 0.377101506673741, -1.02059633167391, 0.66660698014321,
-2.14824582283137, 0.352737926956162, 1.53669131089152, -0.130124528812303,
-0.811033815530339, 0.517137209035745, 0.952994029220177, -0.147724593440935,
-1.03315865434816, -0.831312059009939, 0.874305823716222, 0.656643543480303,
0.441926583700947, 1.0949743404823, 0.943847421230233, 1.29422467866216,
0.528591276222765, 0.521551862942048, -0.731867046820965, -0.425049106199686,
-0.142254956558364, -0.171266274254826, 0.184787385461729, -1.91594970118016,
1.14013828054361, 0.0215029780513669, 1.92918338675883, 0.736904496978192,
0.711809245033579, -0.22303101890486, -0.675200042877603, 1.03040239046187,
1.82341374666944, -0.394001720685692, -0.971031963271373, -0.650445028450798,
0.153868821001427, -1.21121577543812, 0.792251255035345, 0.409936605830395,
-1.20603476562486, -1.44280188746139, -1.13197927428709, 1.53436700997913,
0.940523521433147, -0.358528761325304, -0.640800925417226, -1.58307775102443,
0.268665719396914, -0.627020725138426, 0.300135443201074, -0.209929448769407,
0.436012379974877, 0.150825913009102, -0.44451916649229, 0.618428128734773,
1.15124422132813, 0.57036226766587, 1.75818416287564, 0.0768193513541884,
-0.276412400029208, 0.743858699578179, 0.653673180874185, -1.81709844952754,
-0.128020187802306, 0.0567970469223383, -1.77924894648741, -1.05927564477592,
0.131821334044207, 0.357620036478667, 0.0978150188749085, -0.541904415968287,
0.0417183782354004, 1.21152932395086, 0.578065937963183, -1.06021898804993,
-0.931068557460822, 0.508487982416278, 0.313529931647525, 1.85139098491883,
0.690386860684508, 0.0182542684901982, 0.181713383724563, -2.61746819713989,
0.562777183563902, 1.16845519733098, -1.0986455721366, 0.383676271427013,
-0.425075058527193, -0.0807430599686649, 0.750861166480821, 0.799422669279897,
0.321574938279135, -0.903087315754865, 0.217181082957772, -0.0820950664323835,
-0.829131217834949, -1.0525267109029, -2.35595354108709, 0.24554556441513,
1.52915836654591, 0.947815417751899, -1.96783057280585, 0.203162963216865,
0.613892773381676, -0.0823271748991338, 0.538008931190897, -0.454670988021152,
