x <- 
structure(c(1, 1, 1, 1, 1, 1, 1, 1, 1, 1, 1, 1, 1, 1, 1, 1, 1, 1, 1, 1, 1, 1, 1,
1, 1, 1, 1, 1, 1, 1, 1, 1, 1, 1, 1, 1, 1, 1, 1, 1, 1, 1, 1, 1, 1, 1, 1, 1, 1, 1,
1, 1, 1, 1, 1, 1, 1, 1, 1, 1, 1, 1, 1, 1, 1, 1, 1, 1, 1, 1, 1, 1, 1, 1, 1, 1, 1,
1, 1, 1, 1, 1, 1, 1, 1, 1, 1, 1, 1, 1, 1, 1, 1, 1, 1, 1, 1, 1, 1, 1, 1, 1, 1, 1,
1, 1, 1, 1, 1, 1, 1, 1, 1, 1, 1, 1, 1, 1, 1, 1, 1, 1, 1, 1, 1, 1, 1, 1, 1, 1, 1,
1, 1, 1, 1, 1, 1, 1, 1, 1, 1, 1, 1, 1, 1, 1, 1, 1, 1, 1, 1, 1, 1, 1, 1, 1, 1, 1,
1, 1, 1, 1, 1, 1, 1, 1, 1, 1, 1, 1, 1, 1, 1, 1, 1, 1, 1, 1, 1, 1, 1, 1, 1, 1, 1,
1, 1, 1, 1, 1, 1, 1, 1, 1, 1, 1, 1, 1, 1, 1, 1, 1, 1, 1, 1, 1, 1, 1, 1, 1, 1, 1,
1, 1, 1, 1, 1, 1, 1, 1, 1, 1, 1, 1, 1, 1, 1, 1, 1, 1, 1, 1, 1, 1, 1, 1, 1, 1, 1,
1, 1, 1, 1, 1, 1, 1, 1, 1, 1, 1, 1, 1, 1, 1, 1, 1, 1, 1, 1, 1, 1, 1, 1, 1, 1, 1,
1, 1, 1, 1, 1, 1, 1, 1, 1, 1, 1, 1, 1, 1, 1, 1, 1, 1, 1, 1, 1, 1, 1, 1, 1, 1, 1,
1, 1, 1, 1, 1, 1, 1, 1, 1, 1, 1, 1, 1, 1, 1, 1, 1, 1, 1, 1, 1, 1, 1, 1, 1, 1, 1,
-1.67913490243235, -2.56372894559993, -0.748708771405952, -0.353850193726975,
0.0638349818962292, 0.1469781499365, 0.0524989115799488, 0.951424232120356,
-0.291927052339633, 0.51428975151608, -1.01115593138339, 1.25694939067179,
-0.185952007652498, 0.128342899888575, -0.445124969895961, -1.14560163281179,
-1.97046335036234, -0.920698206031508, 0.533762085478368, 1.11484416972033,
-0.55452520141993, -0.849413117064798, 1.43320641197259, 0.941901459679145,
-0.612766797575445, 0.366355313355221, -1.44882512415191, 0.798669194303956,
2.1562951335698, 2.03812552523919, 0.886071927622212, 0.0457641811726806,
-1.47709159365472, -0.577885067594955, -0.721976839284953, -0.118279773158734,
-0.0288470743375657, 0.943833168546079, 1.983381541389, -1.82211142464695,
-1.7192535544571, -1.61210929539252, -0.786580465566779, 0.441196647278825,
-1.95094880160364, -2.60743903557696, -0.693805213995355, 0.0514977472300404,
0.414548170793709, -0.182907894742608, 0.596316951387148, 0.504952376311093,
-0.317949282393088, -0.675710623548862, 0.890320621611753, -1.02154862049178,
-0.248496172525334, -0.778909679444423, -0.909204820106063, -1.52736082724338,
2.05327793346855, 1.95369230663356, -0.204878052370526, 0.692817491834117,
-0.727558203913962, 1.79254345122313, 0.482997534920284, 0.00894449480705948,
-1.24003217622373, -0.373875480859187, -0.104522395323237, 0.772465388751623,
0.0372248108121275, -0.286965132120193, -2.99106655928213, -0.121293829052734,
0.281846749209994, 1.33514464397094, -0.0724481664988521, 0.800831675008592,
0.4001862380201, -0.295402309278447, -0.420983021354176, 0.852364778509126,
-1.75983245519668, -1.02581550457556, 0.2764964029145, 1.35498304842696,
0.483169117512778, -1.31772018126215, -2.04478405286539, 0.700662090099819,
-0.668544139940549, -0.938813334987968, -1.05981721076125, -0.565555669192009,
-0.0414709790329561, -0.0546199076841488, 0.558807163093237, 1.17804224810352,
0.0359967838286856, -0.0200030840118769, -1.99858435209569, 0.638086783502166,
0.814498331663162, 0.189795139169993, -0.521451144309783, 0.0493532032520335,
0.606044670351429, -0.453945113473932, -0.12903260087578, -0.573929471528321,
-0.081890758049717, 0.079467920613355, 0.0141322807818506, -1.01028557499605,
-1.21933192386535, 1.51059656926324, 0.608625264960208, -1.24730492200477,
-0.861873783608283, 1.65413440609858, 0.460561065764221, 0.625679630597691,
1.40826173905068, 1.29587642761849, -1.13984523761845, 0.795187353183103,
0.361190874649728, -0.678354276469756, 0.194237399137724, -1.27961399917268,
-0.797313202924821, -0.927930379988575, -0.200074939314223, 1.29856131797067,
-0.0024443841457565, -0.0294602810300463, 0.625973197115673, 1.00462516509037,
0.0186582635144772, 0.42093910355945, -0.369441063654839, 0.441062983677504,
0.462742074643905, -1.70109145782104, -0.959601663978869, 0.248598602124799,
-0.667213440074341, -0.253906094203058, 0.127004855959349, 0.536737236340404,
-0.868285323130704, -0.753238807091084, 0.454430535758933, 0.848411808140757,
-0.332421091228708, 2.01734147534549, -1.10752953726035, 0.0418389069578953,
-0.0934956119793199, -0.443680395525343, 1.71917853302307, 0.407455418545686,
-1.05712484499615, 0.563057192030062, 0.933404105662629, 0.496829178481915,
1.5199899124068, 1.84548419447068, 1.01305319509378, 0.0359739752334989,
0.89445023666369, 0.783926577406287, 0.687544360914038, -0.804726691282542,
2.38801755364052, -0.146194913956307, -1.13435622409541, 0.724963618250511,
-0.36729423598054, -0.859651530877488, -0.762656961657254, -0.260088574999982,
0.517122525433529, 1.10248853235169, -0.417020703810259, -1.07574382859787,
0.988668048993203, 0.728009364484261, 0.126126619833601, 0.0192810395345846,
-0.882084694987708, -0.947362456383383, 0.388878924647284, -0.0267666475280945,
-0.801191748737726, -1.45151571079639, 0.0763956182806954, 1.17339389910386,
0.232687968456194, -0.202384584051467, 0.236480080697232, -0.160639817313807,
-0.269062048369463, 1.54652045456747, 1.51923072881852, 0.0408074270975937,
-1.54836884903261, 0.00572105147514585, 0.723936339467757, 0.115148854818313,
0.899567760819594, -0.0202152150057902, 0.457069859920756, 1.02180465115297,
-0.427328562485931, 1.94473873574383, 0.303061320233584, 0.50775398997462,
1.17671239839791, 0.57659476956762, -0.79187068310157, 0.254630957461807,
-0.0191898432365444, 0.630111325439852, 0.411506727765778, 1.01303368121645,
1.12536024877729, -0.207400631837157, 1.16909011054964, -0.363938980554852,
1.85728330164255, -1.90532711357967, 0.0507640048508254, -0.993860244669855,
-0.595700806531997, 0.305607978471293, 0.274701235671999, -1.3180121595965,
-0.990839315274039, -0.94052474781506, -0.597149670811224, 0.664114839740029,
-0.391440212349547, 0.828678340894395, -2.55523927227387, -0.489027624785674,
1.10197726890844, -0.738138769678587, 0.686152770331049, -0.07926997478129,
-1.03261632459238, -0.269920085012828, 0.647491554947251, -0.0921346453606359,
0.165518140335262, -0.821025291459606, -0.0329104813001706, -0.272723617013411,
0.130948048769205, 1.30473087231578, 0.371370769575101, 1.19322887131018,
1.2040419904742, -0.684291136569443, 0.896788565142725, 0.660285071189542,
-0.326207106908733, 0.708900302737765, 1.15145909912533, 2.67141939772997,
-1.79543845793611, 0.300719007251443, -1.07328294143887, -0.0633574676902265,
-1.22687469049754, -1.08068832532259, 1.18979386811074, 0.333337096573417,
0.796899132292849, 0.58828941248309, -0.903432607696724, 0.386232968493626,
-0.0379144003497749, -1.0209639814471, -0.166016930736926, 0.530482786680848,
-1.32837008145345, 0.252207372095133, -0.670165990482132, -0.400923441144865,
2.05010334159208, -0.852186769242428, -0.37011044686547, -0.782617153478184,
-2.0617603066836, 0.521720158861789, -0.825343050220455, 0.9145337276279,
0.037158100672804, -1.73677533070134, 0.747378797703396, -0.254379074647553,
-0.104253135215448, 0.365467689927572, 0.598205171394621, 0.357374489664773,
1.02860544561533, -0.529412658565103, -0.209705631662292, -1.38683973658654,
-1.25234607531484, 0.355229538169744, -0.42485024607694, 3.22627534510102,
-1.20436665731662, -1.025511017136, 0.24749778909674, -0.491697612841844,
-1.04235162859502, -0.80422904536849, -0.414524638416209, -1.41640020653693,
-0.316328934489901, 2.02830489562267, 1.54351888841961, -1.28438142026024,
-2.93925280998816, 0.409077135064496, -0.951012037301231, 0.810053298757223,
0.549992304042767, 0.4345551496226, 0.418667311719854, 0.428500545494483,
-0.516834184101222, -1.75830149306485, 1.07661435370694, -0.942287833203414,
0.781816051998091, 0.187366827102823, 0.975499405559508, 1.02346151984952,
-1.00834585027402, 0.299146797850299, -1.52233913500328, 0.138317890497136,
0.645729964149648, -1.59389273150892, 1.16038443418318, -1.23511495409374,
-1.56367260264483, -0.356818061597704, -0.928441414057779, 0.100676059288154,
1.46728057594126, -0.991919276757538, 1.10682467320627, -1.37693759193342,
-0.576756015382699, -0.484755454332628, 0.0381144688701737, -0.235732201386885,
