x <- 
structure(c(1, 1, 1, 1, 1, 1, 1, 1, 1, 1, 1, 1, 1, 1, 1, 1, 1, 1, 1, 1, 1, 1, 1,
1, 1, 1, 1, 1, 1, 1, 1, 1, 1, 1, 1, 1, 1, 1, 1, 1, 1, 1, 1, 1, 1, 1, 1, 1, 1, 1,
1, 1, 1, 1, 1, 1, 1, 1, 1, 1, 1, 1, 1, 1, 1, 1, 1, 1, 1, 1, 1, 1,
0.271361169620378, -0.151629877277558, -0.828626324811211, 0.527410406703316,
0.813868770685537, 0.0309533181124582, -0.445454682406382, -2.54883701332131,
-0.293728799604746, -0.271162121904366, 0.00136270294990647, 0.497573502573013,
1.99598288146197, -1.05267146203715, -0.0646415415174405, 1.96359860571703,
-0.182808732892383, -1.10948887459311, -1.75205951046955, -0.600841748540869,
-0.056850176763227, 1.22452453930348, 0.307857676425872, 0.981343655480695,
0.820967896307324, 0.755731533692862, 0.648173073374295, 1.11412042141116,
0.596447185497547, -0.5620781424035, -0.310302629420892, 1.34667385983938,
0.817326275140971, -0.394558958655333, 1.04865226713858, 1.6804527204119,
0.327066852246124, 0.84838938263111, 0.97000861756602, 0.740917345926087,
-1.92834053852033, 0.866875189320533, -1.2113582779178, 1.24172411004147,
-0.332585992497435, 0.166447468800924, -1.22975617695614, -0.0220670921783705,
1.7246925831549, -0.165851098989305, 1.35447003199287, 0.00732620139049721,
1.09559098781013, -1.95210793266283, -0.610909574477435, 0.0621415861931668,
-1.49702693747732, -1.5944242646718, 1.16788764733085, -0.218861191085331,
-0.59910012152069, 0.362023653373745, 1.69651661253049, -0.176323789501312,
-0.599288501306995, -0.49781324698719, -0.724037482508048, -0.729141768137202,
0.346785265214264, 0.177076573070856, 0.381022337924216, -0.726095666262352,
-1.15669782748017, 0.415120575079221, 1.20639975895198, 1.91572977127328,
-2.16896783345078, -0.891763663983904, 0.460749763613508, 0.927524670371975,
-0.300269963679205, 0.224549666156115, 0.357838893861589, 0.540607526485427,
0.0488708354323587, 0.919335788954036, -0.658342593589361, -0.532166041683571,
-1.96101527332203, -0.782891541441779, 0.154224481101531, -1.12881070880911,
0.0921271117282202, -1.44704776293751, 2.35371292113646, -1.15992078621807,
-0.576990053667233, 0.621689947723501, 0.238720189630131, 2.30855696082996,
-1.87590315666142, 3.0594123099694, -0.260807409038402, -0.39455296542187,
-1.03783612100975, 0.991828173196478, 0.549052247478163, -0.461340225928098,
0.128276363495496, 0.729790557044048, -0.108298727408766, -0.569052437492383,
0.39527581305759, 0.489434676408845, -1.86137571111295, -0.130610435534162,
-0.700079891174917, 1.06770330308928, 1.1558829979452, 0.536677592119474,
1.3376039192973, 0.695825287346417, -1.41702463978316, -0.883520992316622,
1.17161978519172, 0.410404890546359, 0.86605785302599, -2.21132422170739,
0.677114834805501, -0.939067099845921, 1.45448603400662, -0.430372936223445,
0.437181452974945, 0.0643486304465439, -0.146876715916858, -0.500313245341663,
0.733411972815317, 2.60273658161951, 0.585203455127712, -0.498402944169325,
0.613053589308245, -1.97326764626616, -1.72269560509398, 0.424895064832236,
-0.513404249132721, -1.21030029677506, 0.436642507909125, 2.54007128852198,
-2.21074754660699, 0.735501374260958, -0.771858169685442, -2.02814144223764,
-0.544100978099725, 0.362008162348645, 0.0218852280888499, 1.85096750557847,
0.966291659171027, -0.685245837738532, -0.85146342095985, 1.64855433202724,
-0.804187436734004, 1.14266260499525, -1.65398641004883, -1.20135638629408,
0.665152282944822, 0.610032703808597, 2.04964960968918, -0.479666938002973,
0.325062890265419, -0.737742288612174, 1.01805434805161, 2.80124573891475,
0.669743747107435, 2.45630035994574, -0.526699185179403, 1.60253078223435,
-1.08202102028292, 1.54710119617672, 0.412397787104881, 0.358908873626891,
-0.00697153619174781, 0.895321041855114, 0.780573928348031, -0.994216391085516,
-0.930236244904694, -0.14710804593648, -0.528473828741585, -0.0340553490146133,
-1.74767732084534, 1.83175823752291, -0.613313676794567, 0.423055348686675,
2.60747101319963, -0.687108897065505, -0.0950696045953634, 0.612299582873634,
0.964998814705204, -0.631407176902928, -0.208738564088577, -2.08302079143232,
-0.942420921282043, -1.79043350094184, 1.83138532493068, 0.106021004836,
-0.390354491122174, 0.0765468975168746, 0.759131516148555, 0.525823386826492,
-0.451390263050582, 2.05252163986973, -0.0586671923845787, -2.02254782881169,
-0.812455594460174, -0.917900856993704, -0.883278387371669, 0.115351379271298,
-1.26837713668555, 0.875418198030305, 2.02529209693635, 0.168573394528448,
0.923118995116552, -0.707101717432066, -0.291680885002575, -1.83249923953965,
-0.5071138326502, -1.52118541128999, -0.171622092401976, 0.543666609624553,
-0.472633265163247, -0.0591682964060873, -0.204573313495469, -1.1275901864116,
0.0576617809850619, -0.664867559131933, -1.09727531883504, -1.02681299596777,
0.965290805168441, -2.12368006533579, -0.950183687740894, 0.546361728564097,
-0.497905343842211, -0.641074902091779, -2.25718060097562, -0.27908787293849,
0.282424056718525, -0.879586441900367, -0.672505274875825, 1.39021479151516,
-1.73829270707593, 0.0501601324602088, 0.801292577185994, 0.427157109656408,
-0.242608009431674, 0.662506553067811, -0.823091309340772, -0.167626321809017,
0.185140406004873, 0.33711243711349, -0.140206069357405, -0.296178953047347,
-1.36478099078811, 0.323197687772672, -0.985929484673774, 0.227963396835541,
1.43656324098646, 0.0659021779597403, -0.49528031148655, -0.976228507610615,
0.218198359060556, -0.648408400694757, -2.08397277145761, -2.38967810862744,
-0.847928915282293, -0.242382268499198, 0.471660675918362, 0.865267579885229,
0.182233998058645, -0.704127066831715, 0.500224399594238, 1.34878477044896,
1.7710811526151, -0.774205078276083, 1.49261098443475, 0.741262136139856,
-0.907333628303421, 1.89240772705364, 0.66742444962441, -0.157601133093632,
-0.441401011431354, 0.34850550060566, 0.204468212225565, 2.04293098009709,
-1.87313324142428, -0.545899191026924, -0.423485993602715, 0.38420179262792,
-0.461432750143545, 0.447780916079305, 0.527563930781581, 0.532289601962858,
0.746632053143174, 0.262516891111093, -0.523404547921376, 0.785548181532762,
-1.06197706304499, 0.682179168421971, -0.913906279548567, -1.28926507935976,
1.0205733511749, -0.312681801204824, 2.81166149478263, -0.979751866172626,
0.098965143492625, 0.913076893959809, 0.646427644766239, 3.10125663804635,
-1.46963964703762, 2.77379710442735, -0.251710615942747, 0.51779486125168,
-0.0260289123464494, 1.37279757270102, 0.699689274945479, 0.0197544534091391,
-0.0250208124323694, 0.431847875859999, 0.503652125324089, -0.801943045385818,
-0.451837278375786, -0.485799483946958, -0.930000792369507, 0.582976913314472,
-0.86305386569068, 1.86148191749497, 0.314756635775234, -0.139043593579295,
1.39621741384089, 0.538103673462639, -0.764400144897912, 0.154955364071267,
0.625198238566174, -0.285956473228873, 1.50243704882898, -1.3422919176465,
0.295255986330943, -1.30355037281448, 1.82772096989053, -0.165958022744427,
0.0819635300459423, -0.157664593271224, 0.465341647406397, -0.345151988363251,
-0.274744879753985, 2.67284839939303, -0.697963923972105, -1.09798271968318,
1.18731963349886, -2.18173888676709, -1.69545158205913, 0.392026667989064,
-1.07694401723183, -0.0814245889222255, 1.57578942586681, 1.29916997434671,
-0.270037160193382, -0.805063482950133, 0.604119881155402, -0.0395171189960355,
-0.113403625663405, 0.694981334035709, 0.211392956969344, 1.72172658226024,
0.946845371196839, -0.973773363306268, -1.35563481301227, 0.207457262329467,
-0.966534513310616, -2.04230138768031, 1.30404404456157, -0.764351618961561,
1.15223042447465, 0.610943929758144, -0.306978400407541, -0.369981762684953,
0.470089546281318, 1.20327011599246, 2.04575950784093, 2.98093377569523,
-1.6985408178038, 2.26538694580521, 0.19427027382702, 1.33474232785702,
-1.10634361363005, 0.726716189433524, -0.190795189903311, -0.485693113658445,
0.0204360899308917, 0.727018903323428, 2.02088406641814, 0.719464735017066,
-0.656020532293631, 2.18098219460904, -0.995706108575737, 1.08106314141363,
