x <- 
structure(c(1, 1, 1, 1, 1, 1, 1, 1, 1, 1, 1, 1, 1, 1, 1, 1, 1, 1, 1, 1, 1, 1, 1,
1, 1, 1, 1, 1, 1, 1, 1, 1, 1, 1, 1, 1, 1, 1, 1, 1, 2.0690733505445,
-1.73085602880083, 0.707057878039193, -0.607470687621424, 0.957491255600789,
-0.772999543301508, -0.314693353229745, -0.100430155551761, 0.368096463270019,
0.454563802229037, 0.257226452603304, 1.40521790749934, -0.148877197437833,
-0.152901097340387, -0.670729051080429, 0.68939691204422, -1.18643510288411,
0.262914247330187, 0.0263592975197531, 0.0914989180014646, -0.930685652129701,
2.19720028766684, 0.620263162042936, -2.23008636119174, 0.260079340133216,
-0.697544766542953, -1.40226911814513, -1.94322970127351, -1.54414065146485,
0.183124575396732, 2.22075965229016, 0.816586157107937, 0.156529523026647,
0.339657811790135, 0.779754411503419, -0.331888510740709, -1.34992318759683,
-1.4576265033451, 0.430755835870682, 0.502422544772983, -0.274312702252796,
-0.598132659262724, -0.952412330063066, 0.617817260937795, 0.269995775436913,
-0.275097498897154, 1.04047969380446, -0.0195391076551036, -0.34968170167993,
-1.24152271853826, -1.43293474800764, -0.574131574469301, 0.277057362467323,
-0.791806174200186, 0.841204748879083, -1.4888596897464, 0.013561884958736,
-0.870155184374883, -0.352639559165803, 1.70699733593439, 0.323183655363613,
0.368395979854731, 0.344823487012695, -2.10611562176073, -0.659592115812093,
-3.30468737797554, 0.0362699942135287, -2.3800269370077, -1.79509065192468,
0.126562827756354, 2.10598298747854, 1.01886436098022, 2.97649297137405,
-1.28484780739146, -1.64952141193946, -0.507992977929285, -1.04013973425625,
-0.603996994731918, -0.0732573494929336, 1.45241951030886, 0.437650261143729,
0.86081378322589, -0.461046792809808, -1.61145041293757, 0.423993775991516,
0.691099047943268, 0.399266510526552, 0.28232150085947, 0.288380520538859,
-1.77771468549162, 0.73952125202201, 0.646861770636347, 1.0871971842695,
2.90266190014058, -0.387319074068857, 0.505109756730263, -0.800795340982716,
-0.956741317161699, 0.140329055819662, 1.56449431452379, 0.46939168288783,
0.947483711797203, 1.27073846787634, 0.118274421913432, 1.17390299540942,
-1.33350048220365, 0.231657675303712, 1.35035432320582, 1.32814250523563,
0.264017197221934, 1.60695491408184, -0.0335402999370602, 0.393860655787794,
-0.581459609395883, -1.48117561387394, -0.135646138538145, -0.163196470870092,
2.39643706773752, 0.0811400469608975, 0.473379895356724, 0.427454708306046,
-0.452915673720264, -0.0966931051021123, 0.131561934293545, 0.502606707868208,
0.503349467852047, 1.52127619296587, 1.45527804235942, -0.777174917970539,
-0.0248185482892848, -1.4059861633655, -0.128576945855623, 0.0796850362469532,
-1.25983411772495, 1.25136058621673, 0.445669329336797, -1.69527334693775,
1.01343685800781, -0.702983604282243, 0.000327342076393067, -2.01074622721368,
1.25727567955629, 0.166324661938874, -1.305166439774, 0.856657559662943,
-2.11434997357073, -1.28186389075861, -1.92950741317646, -0.453905189238226,
-1.44002493297212, 0.247194546340799, -0.126850797316399, 0.304192550851322,
0.328293864387368, 1.36173481309344, 0.455388190332656, -0.152101046960392,
-0.391176588566946, -0.884389441603692, 0.777686973795383),
.Dim = c(40, 5))
z <- 
c(0, 1, 0, 0, 1, 1, 1, 0, 1, 0, 1, 1, 1, 1, 1, 1, 1, 0, 1, 1, 1, 0, 1, 1,
1, 1, 1, 1, 1, 1, 1, 1, 1, 0, 0, 1, 1, 1, 1, 0)
N <- 40
n <- 5
beta_actual <- 
c(2.36997579731952, -2.14369889036556, 0.33506410845212,
2.53456712756427, -1.20738040597459)
tau_actual <- 2
