x <- 
structure(c(1, 1, 1, 1, 1, 1, 1, 1, 1, 1, 1, 1, 1, 1, 1, 1, 1, 1, 1, 1, 1, 1, 1,
1, 1, 1, 1, 1, 1, 1, 1, 1, 1, 1, 1, 1, 1, 1, 1, 1, 1, 1, 1, 1, 1, 1, 1, 1, 1, 1,
1, 1, 1, 1, 1, 1, 1, 1, 1, 1, 1, 1, 1, 1, 1, 1, 1, 1, 1, 1, 1, 1, 1, 1, 1, 1, 1,
1, 1, 1, 1.85419234832564, 0.596911107786987, 0.498854905156595,
1.72813508437701, -0.879386423220911, -0.190834964222667, 1.06811479382709,
-0.855966898707418, 1.15429059676698, -0.803032496000351, 0.758467750724913,
-1.89828977220392, 1.38352561609628, 1.70013248142303, 0.85219117693777,
-0.134489776013813, 1.5853558121408, -0.083410554456721, 0.665042524253152,
0.915836606168202, -0.249249365333365, 0.317411209153757, -0.0240590731590861,
0.597388553620693, -0.485840394458039, -0.705412004786464, 0.0700280881679691,
-0.74100397004082, -0.253545673611106, -1.07511041727072, -0.0837222860882267,
0.600599374255286, -0.744499027852135, 1.11959219665181, -0.568371130993735,
0.570581752375983, -1.21725748822412, -0.55201044037794, 0.9184003972778,
-0.105906212209333, 1.29644297756466, 1.64156761904318, 2.84674252566465,
1.35517562111218, -0.363282449987003, -0.211520131384777, 0.550691025853316,
-1.73892561926997, 0.0711030588490152, -1.51336696574691, -0.853626649342772,
1.02847688806227, -0.672752093825702, 0.516746249075211, 1.01144078325577,
1.04501691017691, 0.852040611527184, 1.60332632378467, 2.64901568607627,
-0.722868437326302, -1.27672864556651, 0.449036001823494, -1.01925404748621,
-2.54529655146895, 0.979177836962929, -0.627037145866248, -0.468748412667441,
-1.08920504006356, 1.77164010786455, -0.419662430196068, 0.91660943645154,
-0.524073997343664, 0.299852954071894, -2.41881411549466, 2.35840369562325,
-0.569946402090223, -1.5002115669412, 0.0690708621142341, -0.199222747817673,
0.674338307816329, -0.513615393348227, 1.46193955185759, 0.345043010671476,
0.854980315230986, -0.602060587810328, -0.352996169540241, -0.215881255086282,
-0.0507557779808519, 0.979775882634499, 1.11453477696084, 0.359424543260802,
-1.72951297729739, 0.989749559448231, -0.309182754706633, 0.601627288596559,
-2.77140577385867, -0.345236932340371, -0.808402441978367, 0.0385758848129924,
1.61504087444436, -0.874124110357518, 0.35110397054021, -0.191511337603135,
-0.29704186510968, -2.02895441307032, -0.492383983999456, 0.276290545463075,
-0.685608964225614, 0.184001977831991, 0.259233119218403, -0.271176490786159,
1.43464109945427, -1.92939575277403, 2.08345710713838, -0.952167836373635,
0.700426491451032, -0.131591111142886, 0.496646093874072, 0.270946127568032,
-0.60408460515818, 1.00516007104461, 0.234463945535092, 1.18463030516063,
1.33126003261645, 0.332702082556129, 0.246934325121036, 0.4782339957347,
-1.71285663344541, 0.551816563340452, 0.508261985285813, -0.682646795584575,
-0.102059115153224, 0.107077747764695, 0.573216637423533, 1.06537721725116,
-0.776974827485535, 1.07292241511437, -0.0659339377614162, 0.615154693730085,
-3.22275985345945, -0.112143650246194, -1.61721901041895, -1.93715768487427,
-1.48630989937248, 0.991713936328506, -0.4952769646672, 0.402888906544397,
-1.51994147170188, -1.32450935614212, -0.686908777461041, 2.26568698819763,
-0.737544572269714, -0.597962556416698, -0.955558842047986, 0.743770937236134,
0.0855644671938815, -2.1086553877932, 0.348130020452878, -0.79244079390001,
0.19271049304878, 0.573816332101559, 1.76201975009599, 1.33441997984218,
-0.105120268406502, -1.09395268409185, 0.490585905033142, 1.557878518575,
-0.401972065758137, -1.10990545202423, 0.309559768711275, 1.02057752436696,
0.582276692053237, -0.59530438226518, -0.251847099198944, -0.884547085343961,
-1.23894226011998, -0.503971478232115, -2.45235768764715, -2.8187982400505,
-0.444992756358664, -0.211976478262664, 0.26663740899977, 1.78858488992502,
1.13546803395576, -0.995722549345372, 0.627167345916679, 0.221976601246988,
-0.106965306221047, -1.3691515494032, 0.728751908165522, 0.0330162462198714,
1.06515667495985, -0.339633916679268, -1.06543373647388, -1.26447281859726,
-0.637078978904257, 0.829503106407267, 0.36605604108119, 0.197882406585084,
0.997490937839598, -2.3454372082544, -0.776104070919897, -0.202133473801619,
0.529616487705631, 1.87280611215632, 0.375670277756213, 0.2540665537885,
0.74966374350359, -0.0860441954977862, -1.58324593938535, -0.0669325511053479,
0.204072210245009, -0.625215446833084, -0.549917377283504, -0.688899792690809,
-1.64206581592356, -0.90738782035335, 0.52076645223051, 0.00573162559536178,
-0.101132944530549, -0.0806919778477558, -1.11221868333444, -0.636727594619156,
0.135497392821613, 0.299462583723375, -0.523153227832739, -1.09432029730303,
1.20999074566618, -0.34026184578697, -0.754017062789653, 0.327010614801911,
-0.238891548423774, -2.59028738173825, 0.671167293562113, -0.87980361719411,
0.815641310568406, -0.688702967920153, 0.0710588628703564, -0.839936891380436,
0.16470168334063, 0.034122693995959, -0.536363879204052, 0.80624542560843,
0.447846747172219, 1.87898608865411, -0.216489947393919, 0.224478246402963,
0.242730541872862, 0.945638595557997, -0.622116374377214, -0.445993508969148,
-1.581604876897, 0.455346368109259, -0.233765802192182, 0.435438121088273,
0.141492117812488, 1.94036013481788, 1.98782117279697, 1.80591059201366,
0.746548845954153, 0.399843137661102, 1.2328232095086, -0.000715737906057723,
-0.529594505549819, 0.813140511371982, -0.790368946790207, 0.163918507309446,
-0.160545308779158, -0.513160618891953, -2.23129955927295, -0.122228707405857,
1.37491677358201, -0.201715355377278, 0.98845195793798, -0.0537794357055418,
-0.192734237251232, -0.440389354589553, -1.13581865452734, 1.87211857447584,
-1.3434431202417, 0.887347618313097, 2.02350364628828, 1.42266872885206,
1.11928152676874, -0.117027997867676, 0.0243270987268961, 1.5603717731481,
-1.81815799166149, 1.11278390621375, 0.82936618236872, 0.620550400233909,
-1.50778124725938, 1.00299380636838, 1.27867417051283, 2.12173203788461,
0.904111931611091, 0.754850114214828, 1.87263780009576, 1.58583327656879,
-1.11101891735456, -0.520780591540622, 0.343877236064718, -1.26638073055576,
-1.03365689949631, 0.782626697279626, 1.08165328009591, -0.452402080129392,
-0.0296237941290605, 0.753268866531039, -0.765911041819987, -0.540863447405273,
2.32034085469187, 0.0545171382570315, -2.7501158314485, 0.685674679343102,
-0.470038878814134, -1.08632022159925, 0.432022970769252, -0.939089016741389,
1.50253653898022),
.Dim = c(80, 5))
z <- 
c(1, 1, 1, 0, 0, 1, 1, 1, 0, 1, 1, 1, 1, 0, 0, 0, 0, 0, 0, 0, 1, 0, 1, 1,
1, 1, 1, 1, 1, 1, 1, 1, 1, 0, 1, 1, 1, 1, 0, 1, 0, 0, 0, 0, 1, 1, 0, 1, 1, 1, 1,
1, 1, 0, 0, 0, 0, 1, 0, 1, 1, 0, 1, 1, 1, 1, 1, 1, 0, 1, 1, 0, 0, 1, 0, 1, 1, 1,
0, 0)
N <- 80
n <- 5
beta_actual <- 
c(2.36997579731952, -2.14369889036556, 0.33506410845212,
2.53456712756427, -1.20738040597459)
tau_actual <- 2
