x <- 
structure(c(1, 1, 1, 1, 1, 1, 1, 1, 1, 1, 1, 1, 1, 1, 1, 1, 1, 1, 1, 1, 1, 1, 1,
1, 0.594890629759195, 0.842555094175059, 0.473907415695673, -0.655741243666392,
0.942419240721523, -0.39687767047172, 1.13165038392522, 0.0324477666351926,
-0.014302226298744, 0.932753712617887, 0.121816583851116, 0.389260536851956,
0.562798517344497, 0.621974273021564, 0.315661750108045, 0.596415224519169,
-1.08637821586246, -0.528294042181931, -0.443442413261816, -0.384907761975975,
-1.61692729196256, -1.78544447667956, -0.157810429928568, 0.31405920476515,
0.621589869763524, 0.267711738611308, -0.0375366639004399, -0.557917522507254,
0.895331046189273, 0.279030132128418, 0.397158288806594, 0.280532550482779,
-0.670486654659319, 0.690475780260564, -0.030047536362517, 1.29927961930764,
0.280186569620697, 1.46378287074034, 0.119812378322784, 0.298082292835943,
-0.583055520934397, 0.493308141506509, -0.778126314534637, -0.590241580730237,
-2.36345301792752, -0.975919629370428, -0.565225378385051, -0.0462325135358344),
.Dim = c(24, 3))
z <- 
c(1, 0, 1, 1, 1, 1, 0, 0, 1, 1, 1, 0, 0, 0, 1, 0, 1, 0, 1, 0, 1, 0, 0, 0)
N <- 24
n <- 3
beta_actual <- 
c(0.0413818023377481, 0.610074828152417, -1.2039192324464)
tau_actual <- 2
