x <- 
structure(c(1, 1, 1, 1, 1, 1, 1, 1, 1, 1, 1, 1, 1, 1, 1, 1, 1, 1, 1, 1, 1, 1, 1,
1, 1, 1, 1, 1, 1, 1, 1, 1, 1, 1, 1, 1, 1, 1, 1, 1, 1, 1, 1, 1, 1, 1, 1, 1, 1, 1,
1, 1, 1, 1, 1, 1, 1, 1, 1, 1, 1, 1, 1, 1, 1, 1, 1, 1, 1, 1, 1, 1, 1, 1, 1, 1, 1,
1, 1, 1, 1, 1, 1, 1, 1, 1, 1, 1, 1, 1, 1, 1, 1, 1, 1, 1, 1, 1, 1, 1, 1, 1, 1, 1,
1, 1, 1, 1, 1, 1, 1, 1, 1, 1, 1, 1, 1, 1, 1, 1, 1, 1, 1, 1, 1, 1, 1, 1, 1, 1, 1,
1, 1, 1, 1, 1, -0.413228257227944, 0.188927824945346, -0.671292474920784,
0.956996745272632, -0.935183938045166, 2.74137530783895, -0.648234702636243,
0.690222360288729, 0.253718283302204, -1.31131734661961, 1.15778334836321,
-0.708357204171925, -0.64922254737513, 0.661450092973144, -1.42696109531496,
1.10208106578432, -0.472660380880986, -1.29559029142951, 0.207760007159714,
-0.186967786613922, -1.85340692973501, -0.283854231259458, 0.736894773027396,
-0.256595287520276, -1.89047470400975, -0.471455117060707, 0.251491533188226,
1.57793168316806, 0.358103339845602, -0.686063688695862, -0.710448844331142,
-0.153874591588642, -0.959203234657251, -0.148180029111581, -0.0589301898235573,
2.16389865865667, 2.12778269272048, 0.898030089317581, -0.272432135088888,
0.128032915510327, -0.394497346882673, -0.661126054022291, -0.099642608975761,
-0.0892038603013645, -0.538065583811246, 0.0715649909336969, -1.65199770219506,
-1.62229970219308, 1.98468279653605, -0.214958612619858, 0.943326912847348,
-0.20457996974433, 2.37244508438922, -0.890455226961351, -2.90999391049594,
-0.185106187981837, 0.361197569446631, 0.131374690580589, 0.173226634283932,
-1.72314976618642, 2.11705985641829, 0.779550485012456, 0.490285472122082,
1.30956258601527, 1.64794172993993, 1.40982868414296, 1.92995282375539,
1.58842935384609, 0.228769261394335, 0.898899618390811, -0.995940624014493,
1.86799811124519, -1.6311675975626, -0.671138402620363, 0.165811639534522,
-0.850508493473745, 0.592377160923285, 0.39153478117467, 0.917442071535455,
0.311771395829575, 0.481278647028894, -0.618621745983239, 0.406774260542229,
0.846067792279193, -1.68566195677205, 1.0482224441716, -0.490708495290652,
-0.11708379112656, -3.3341818414897, -0.716051399793225, -1.1345660105653,
1.08940451979335, 1.51030825692317, 0.541624616584233, 0.314206624909774,
0.91348698865118, -1.92360187745643, -0.0571253619245813, 0.033035304762101,
0.963926026973548, 0.634840990602909, -0.0166063137217549, -0.89886891192999,
-1.50964364075626, -1.85978616533087, -0.608108851542648, 0.322747495932612,
0.270621454627873, 0.394334545680526, -1.29574071541992, -0.226002577701677,
0.427222763769379, 0.95379200965669, 0.299568742844401, -0.412385093444021,
-0.168824924677434, 0.017347110319966, -0.543951203866251, -0.288886787022158,
-0.707013168483643, -1.93746358946569, 0.499746539611533, -0.148728221706166,
0.0318048941056583, 0.841610798425952, -0.342330568203069, 0.353792238579126,
-1.51394612767416, 0.750837270206787, -0.262685524233899, 0.674560320518941,
-1.29983309530442, -0.265980119163434, 0.812545986022146, -0.281612457202443,
-0.0279182203680728, -0.261384065708665, -0.571932206994543, 0.906192186869588,
1.16012209951344, 0.616447276208908, 0.669187982553982, 1.48643985044354,
-0.979605599441868, -1.195531105291, 0.870368677966592, -0.232500087271511,
1.66571487020875, -0.436439065076487, -4.22074858294183, 0.400351323475556,
0.0351697969170232, -0.332436381628933, 1.98577556459199, -0.144647351730471,
-0.139657718627358, 0.113748723174709, -0.987708847775785, 1.57378684087686,
-0.589432694358611, -1.35980425340864, -1.72651728358431, -0.423299642090474,
-0.277236433159095, 0.433484053946213, -1.3848783107262, 0.271151721671955,
-0.500801957813591, 1.07519298597337, 0.303051574434784, -0.856045530001076,
2.17583531359135, -0.910209144437408, -0.517835076088045, -0.256141185166929,
-0.850791848801923, -1.30211301328065, -0.231158998333201, 1.61899504514757,
-1.77055716570939, 0.10074415500878, -1.0313934682251, -0.319010300691077,
0.582570215299709, -2.18858121211452, 0.560224407250501, -0.908930224875721,
0.0519329046231519, 1.15760067907781, -1.82419147743364, -1.10036647315363,
0.857838124543678, -1.28900660504821, -0.91129702946852, 0.442428220700292,
0.157581097978533, -1.46320721850963, 0.0608109467391492, -1.60752779714419,
-1.27201199684861, 0.665337277412122, 0.0968349193694995, -1.34480716614706,
-1.40341705298665, -0.262447669516187, -0.912513905728574, -0.14583950600354,
0.114340574139012, -0.695126241971759, 0.779585214387303, 0.0321492385162278,
0.0323817889245807, 0.922055546409764, 0.272092932601528, -0.195769168279439,
0.751022080422652, -0.810868252781786, -0.529737867701532, 1.93949515710137,
0.0290913869453346, 0.684219182605901, 0.590713650416367, 0.495626360239408,
0.975325711167314, -0.174293543807833, 0.648059539072234, -1.0528687667173,
2.32819039573674, -0.739066675890417, 0.0589582961586479, -0.30906828719443,
1.12599364423793, 0.343685878403435, -1.31343829452929, 0.899598484458025,
-0.076770229896396, -0.462691117443657, -1.85068415198334, 1.91232149452131,
0.117496612035364, 0.251569126054315, -0.301890854779768, -1.58394008643077,
-0.0653067014964073, 2.12394334562349, 0.698251684713747, 1.35048602511967,
0.137028651123008, -0.474802955108222, 1.91611182409563, -1.18418204088109,
-0.733514201977966, -0.546492723251814, 0.893356387933503, 0.687875296193835,
0.33244059511001, 2.42248741679754, -0.296242071553506, -0.53280447656265,
-1.19647460318152, -1.04413096848106, 0.505233233435117, -0.422159057064766,
0.076369013590762, -0.7243432970569, -1.72844271366851, -0.870186941241771,
-0.111359263385389, 0.259108584388651, -0.765734113422299, 0.250318669155767,
0.00112643402687976, 0.092422259235369, 1.35686672418023, -0.249945556487252,
-0.62467332034054, -0.141549730161572, 0.604194574019301, 0.788321234937684,
-0.901966555328936, 0.494088079687122, -1.68790954374291, 0.467847461055184,
1.20069352564339, -0.688608828603302, -0.673833065921774, 0.726880276456887,
0.255061477966506, 0.430117796462467, -0.12814777217261, -2.43089763942084,
-1.19894047013078, -1.69409281124344, 1.00826694094081, 0.448347449850358,
-0.230669958704048, -1.32498924432737, -0.842410208420829, 1.27242243977669,
0.570146600062832, 0.538472118094052, -1.22427293141183, 0.0306564547299324,
-0.844980786676109, 0.421747085875049, 1.00351068188419, -0.140867310023722,
1.17596099099377, 0.777016460861121, 2.31478890870728, 0.43341512895867,
-1.85614206067038, 0.442828719636433, 2.40677348003892, 0.535957161376679,
0.957415333150831, -0.778898942145543, -0.804128119075838, 0.207669611889297,
-1.09732123307382, 0.131700332147089, 0.76962459139096, 1.62194113062921,
0.184650943299735, 0.5549335646652, -0.933457971329938, 0.418027630960069,
0.289704739994845, -0.494939214557127, 0.633877133683267, 0.604505758868887,
0.768969349945966, -1.48080167992148, 0.847456625639589, -0.483950959138032,
1.04320210518663, 1.39533929128826, 1.10108156230801, -1.06799997877933,
-0.275285468052202, 0.215095630761473, -0.39589422747214, -0.461837509922421,
-0.0027355516343549, -0.902841918770514, 1.29164330072628, 0.483020753120384,
-0.102566070658673, 0.193828547401448, 1.24693420855047, 1.53829780579297,
-0.199312940867579, -0.11141362446872, -0.0225575026381602, 1.4056756594949,
-0.230162400951529, -0.0210187200604888, -0.457409687502285, -0.219762078167064,
0.809454278948615, 0.267270678574703, -0.840166709358266, -0.586845292542906,
0.14925618701083, -2.09723761842687, 0.801998415953813, 0.646818195794177,
0.900991880358494, -1.88933172686416, -0.287075100864524, 2.20875502934172,
-1.37361925621477, 0.351405182440877, -1.45203087019689, -0.454371015143198,
-1.84983180684728, -1.60136385766792, 1.09675972939367, -0.0582033773986867,
-0.391035324304736, 0.645500142038846, 0.409490242066184, 0.623760462261508,
-1.08613320253024, 0.649757577606605, 1.0740388893943, -0.396896969064598,
-1.11969051946091, 0.873836053535517, 0.739942217484179, 0.299404918841996,
0.678470849444048, -0.933952355088401, -1.40345114741979, -0.0788329764507514,
