N <- 6
QoI_d <- c(0.0163, 0.016, 0.0167, 0.012, 0.01801, 0.01655)
